0.1 0.0402859
0.100925288608 0.0405391
0.101859138805 0.0407899
0.102801629813 0.0417683
0.103752841582 0.0428619
0.104712854805 0.0434214
0.105681750921 0.0437977
0.106659612123 0.0442685
0.107646521363 0.0447814
0.108642562362 0.0453821
0.109647819614 0.0460273
0.110662378398 0.0467247
0.111686324778 0.0474459
0.112719745618 0.0482642
0.113762728582 0.0491193
0.11481536215 0.0497908
0.115877735616 0.0504062
0.116949939102 0.0509675
0.118032063565 0.0515275
0.119124200803 0.0523645
0.120226443462 0.0532069
0.121338885046 0.054091
0.122461619927 0.0549035
0.123594743344 0.0556194
0.124738351424 0.0560905
0.125892541179 0.0564288
0.127057410521 0.0571262
0.128233058266 0.0578971
0.129419584145 0.0588379
0.130617088813 0.0596365
0.131825673856 0.0603041
0.133045441798 0.0612752
0.134276496114 0.0622821
0.135518941235 0.0632617
0.13677288256 0.0640271
0.13803842646 0.0646549
0.139315680295 0.0651373
0.140604752413 0.065769
0.141905752169 0.0665663
0.143218789927 0.0675458
0.144543977075 0.0684911
0.145881426028 0.0693726
0.147231250243 0.0700231
0.148593564229 0.0706427
0.14996848355 0.0712507
0.151356124844 0.071841
0.152756605824 0.0724209
0.154170045295 0.0730438
0.155596563161 0.0740284
0.157036280433 0.0750533
0.158489319246 0.0759329
0.159955802861 0.0765055
0.161435855683 0.0772339
0.162929603264 0.0780873
0.164437172321 0.0789052
0.165958690744 0.0794666
0.167494287603 0.0799346
0.169044093164 0.0805621
0.1706082389 0.0813351
0.172186857499 0.0822134
0.173780082875 0.0830875
0.175388050184 0.0838031
0.177010895832 0.0845007
0.178648757485 0.0852581
0.180301774086 0.0860479
0.181970085861 0.0866154
0.183653834335 0.0869135
0.185353162341 0.0875709
0.187068214037 0.0886135
0.18879913491 0.0897436
0.190546071796 0.0906443
0.192309172891 0.0912119
0.194088587759 0.0915264
0.195884467351 0.0918249
0.197696964011 0.0923966
0.199526231497 0.0931251
0.201372424986 0.0938181
0.203235701094 0.0944158
0.205116217883 0.0949478
0.207014134879 0.0955149
0.208929613085 0.0962392
0.210862814993 0.0970809
0.212813904598 0.0977958
0.214783047413 0.0982817
0.216770410482 0.0987966
0.218776162395 0.099579
0.220800473302 0.100501
0.222843514927 0.101322
0.224905460584 0.102018
0.226986485188 0.102669
0.229086765277 0.103215
0.231206479018 0.103517
0.233345806228 0.103638
0.23550492839 0.103834
0.237684028662 0.104265
0.239883291902 0.104939
0.242102904674 0.105757
0.244343055269 0.106454
0.246603933723 0.106912
0.248885731828 0.10737
0.251188643151 0.108024
0.25351286305 0.1087
0.255858588691 0.109108
0.258226019063 0.109374
0.260615355 0.109853
0.26302679919 0.110474
0.265460556198 0.110902
0.267916832482 0.1111
0.270395836411 0.111423
0.272897778281 0.112013
0.275422870334 0.112624
0.277971326776 0.113084
0.280543363795 0.11346
0.28313919958 0.113858
0.285759054337 0.114209
0.288403150313 0.114398
0.291071711807 0.114492
0.293764965196 0.114613
0.296483138952 0.114855
0.299226463661 0.115257
0.30199517204 0.115779
0.304789498963 0.116302
0.307609681474 0.116732
0.310455958813 0.117015
0.313328572432 0.117189
0.316227766017 0.117432
0.31915378551 0.117867
0.322106879128 0.11832
0.325087297385 0.118597
0.328095293113 0.118785
0.331131121483 0.119019
0.334195040026 0.119279
0.337287308659 0.119473
0.340408189701 0.119686
0.3435579479 0.120132
0.346736850453 0.120776
0.349945167028 0.121316
0.353183169792 0.121527
0.356451133426 0.121553
0.359749335156 0.121527
0.36307805477 0.121638
0.366437574648 0.12198
0.36982817978 0.122455
0.373250157796 0.12289
0.376703798984 0.123227
0.380189396321 0.123443
0.383707245492 0.123623
0.387257644922 0.123965
0.390840895792 0.12446
0.394457302075 0.124937
0.398107170553 0.125268
0.401790810849 0.125396
0.405508535448 0.125348
0.40926065973 0.12536
0.41304750199 0.125603
0.41686938347 0.125963
0.420726628384 0.126309
0.424619563946 0.1267
0.428548520397 0.127207
0.432513831035 0.127729
0.43651583224 0.128118
0.440554863507 0.128374
0.444631267469 0.128629
0.448745389933 0.128956
0.452897579904 0.129279
0.457088189615 0.12954
0.46131757456 0.129806
0.465586093523 0.130136
0.469894108605 0.130515
0.47424198526 0.130932
0.478630092323 0.131313
0.48305880204 0.131552
0.487528490103 0.131657
0.492039535681 0.131698
0.49659232145 0.131774
0.501187233627 0.132036
0.505824662003 0.132496
0.510504999975 0.132909
0.515228644582 0.133151
0.519995996534 0.133405
0.52480746025 0.133766
0.529663443892 0.134085
0.534564359397 0.134293
0.539510622515 0.134538
0.544502652842 0.134964
0.549540873858 0.135396
0.554625712958 0.135574
0.559757601495 0.135586
0.564936974812 0.135713
0.570164272281 0.136011
0.575439937337 0.136292
0.580764417521 0.136489
0.586138164514 0.136753
0.591561634175 0.137117
0.597035286584 0.137458
0.602559586074 0.137702
0.608135001279 0.137851
0.613762005165 0.137951
0.619441075077 0.138061
0.625172692776 0.138263
0.63095734448 0.138538
0.636795520908 0.138737
0.642687717317 0.138866
0.648634433548 0.139112
0.654636174067 0.139449
0.660693448008 0.139633
0.666806769214 0.139624
0.672976656284 0.139702
0.679203632617 0.140022
0.685488226453 0.140376
0.691830970919 0.140551
0.698232404077 0.14058
0.704693068967 0.140613
0.711213513653 0.140733
0.717794291271 0.140844
0.724435960075 0.140917
0.731139083483 0.141058
0.737904230129 0.141256
0.744731973906 0.141495
0.751622894018 0.141828
0.758577575029 0.142089
0.765596606911 0.142137
0.772680585096 0.142196
0.779830110523 0.142411
0.787045789695 0.142592
0.794328234724 0.142635
0.801678063388 0.142695
0.809095899178 0.14293
0.816582371359 0.143236
0.824138115013 0.143402
0.831763771103 0.143461
0.839459986519 0.143558
0.847227414141 0.143689
0.855066712885 0.143796
0.862978547767 0.143876
0.870963589956 0.143958
0.879022516831 0.144045
0.887156012038 0.144154
0.89536476555 0.144375
0.903649473722 0.144656
0.912010839356 0.144848
0.920449571753 0.14496
0.92896638678 0.145048
0.937562006926 0.145134
0.946237161366 0.145258
0.954992586021 0.145404
0.963829023624 0.145555
0.972747223777 0.145701
0.98174794302 0.145846
0.990831944893 0.146055
1.0 0.14627
1.00925288608 0.146352
1.01859138805 0.146379
1.02801629813 0.14648
1.03752841582 0.146628
1.04712854805 0.146751
1.05681750921 0.146852
1.06659612123 0.146962
1.07646521363 0.147102
1.08642562362 0.14729
1.09647819614 0.147511
1.10662378398 0.147683
1.11686324778 0.147749
1.12719745618 0.147847
1.13762728582 0.148119
1.1481536215 0.148426
1.15877735616 0.148603
1.16949939102 0.148657
1.18032063565 0.148713
1.19124200803 0.148869
1.20226443462 0.149023
1.21338885046 0.149119
1.22461619927 0.149215
1.23594743344 0.149328
1.24738351424 0.149433
1.25892541179 0.149536
1.27057410521 0.149694
1.28233058266 0.149912
1.29419584145 0.150092
1.30617088813 0.150128
1.31825673856 0.150077
1.33045441798 0.15011
1.34276496114 0.150264
1.35518941235 0.150456
1.3677288256 0.150629
1.3803842646 0.150737
1.39315680295 0.150776
1.40604752413 0.150837
1.41905752169 0.150973
1.43218789927 0.15104
1.44543977075 0.15098
1.45881426028 0.15096
1.47231250243 0.151049
1.48593564229 0.151192
1.4996848355 0.151347
1.51356124844 0.151437
1.52756605824 0.151388
1.54170045295 0.15131
1.55596563161 0.151337
1.57036280433 0.151398
1.58489319246 0.151401
1.59955802861 0.15137
1.61435855683 0.151355
1.62929603264 0.151395
1.64437172321 0.151472
1.65958690744 0.151503
1.67494287603 0.151477
1.69044093164 0.15144
1.706082389 0.151407
1.72186857499 0.151387
1.73780082875 0.151392
1.75388050184 0.151365
1.77010895832 0.151285
1.78648757485 0.15124
1.80301774086 0.151233
1.81970085861 0.151161
1.83653834335 0.150988
1.85353162341 0.150832
1.87068214037 0.150833
1.8879913491 0.150847
1.90546071796 0.150702
1.92309172891 0.15056
1.94088587759 0.150539
1.95884467351 0.150492
1.97696964011 0.150304
1.99526231497 0.150066
2.01372424986 0.149923
2.03235701094 0.149896
2.05116217883 0.149909
2.07014134879 0.149875
2.08929613085 0.149788
2.10862814993 0.149691
2.12813904598 0.149577
2.14783047413 0.149437
2.16770410482 0.149306
2.18776162395 0.149186
2.20800473302 0.149052
2.22843514927 0.148917
2.24905460584 0.148789
2.26986485188 0.148658
2.29086765277 0.148511
2.31206479018 0.148345
2.33345806228 0.148187
2.3550492839 0.148042
2.37684028662 0.147891
2.39883291902 0.147724
2.42102904674 0.147555
2.44343055269 0.147419
2.46603933723 0.147287
2.48885731828 0.147125
2.51188643151 0.14695
2.5351286305 0.146787
2.55858588691 0.146644
2.58226019063 0.1465
2.60615355 0.146351
2.6302679919 0.146217
2.65460556198 0.146092
2.67916832482 0.145968
2.70395836411 0.145867
2.72897778281 0.14576
2.75422870334 0.145599
2.77971326776 0.145431
2.80543363795 0.145278
2.8313919958 0.145113
2.85759054337 0.144932
2.88403150313 0.144737
2.91071711807 0.144526
2.93764965196 0.144318
2.96483138952 0.144131
2.99226463661 0.143954
3.0199517204 0.143763
3.04789498963 0.143534
3.07609681474 0.143311
3.10455958813 0.143133
3.13328572432 0.142964
3.16227766017 0.142794
3.1915378551 0.142637
3.22106879128 0.142477
3.25087297385 0.142324
3.28095293113 0.142202
3.31131121483 0.142081
3.34195040026 0.141941
3.37287308659 0.141816
3.40408189701 0.141692
3.435579479 0.141538
3.46736850453 0.14137
3.49945167028 0.141196
3.53183169792 0.14101
3.56451133426 0.140814
3.59749335156 0.140613
3.6307805477 0.140411
3.66437574648 0.140216
3.6982817978 0.140041
3.73250157796 0.139863
3.76703798984 0.139687
3.80189396321 0.139557
3.83707245492 0.13946
3.87257644922 0.139371
3.90840895792 0.139273
3.94457302075 0.139168
3.98107170553 0.139063
4.01790810849 0.138955
4.05508535448 0.138846
4.0926065973 0.138737
4.1304750199 0.138603
4.1686938347 0.138435
4.20726628384 0.138252
4.24619563946 0.138058
4.28548520397 0.137851
4.32513831035 0.137648
4.3651583224 0.137435
4.40554863507 0.137176
4.44631267469 0.136896
4.48745389933 0.136627
4.52897579904 0.136378
4.57088189615 0.136147
4.6131757456 0.135938
4.65586093523 0.135766
4.69894108605 0.135632
4.7424198526 0.135529
4.78630092323 0.135439
4.8305880204 0.13536
4.87528490103 0.135313
4.92039535681 0.135274
4.9659232145 0.135216
5.01187233627 0.13515
5.05824662003 0.135074
5.10504999975 0.134974
5.15228644582 0.134847
5.19995996534 0.134694
5.2480746025 0.134525
5.29663443892 0.134332
5.34564359397 0.134107
5.39510622515 0.133867
5.44502652842 0.133616
5.49540873858 0.133351
5.54625712958 0.13309
5.59757601495 0.13285
5.64936974812 0.132634
5.70164272281 0.132446
5.75439937337 0.132294
5.80764417521 0.132195
5.86138164514 0.132141
5.91561634175 0.132098
5.97035286584 0.132065
6.02559586074 0.132043
6.08135001279 0.132016
6.13762005165 0.131974
6.19441075077 0.131904
6.25172692776 0.131794
6.3095734448 0.131637
6.36795520908 0.131434
6.42687717317 0.13122
6.48634433548 0.131016
6.54636174067 0.130816
6.60693448008 0.13062
6.66806769214 0.130441
6.72976656284 0.130289
6.79203632617 0.130164
6.85488226453 0.130057
6.91830970919 0.129963
6.98232404077 0.129878
7.04693068967 0.129794
7.11213513653 0.129697
7.17794291271 0.129574
7.24435960075 0.129419
7.31139083483 0.129238
7.37904230129 0.129045
7.44731973906 0.128837
7.51622894018 0.128627
7.58577575029 0.128442
7.65596606911 0.128287
7.72680585096 0.128162
7.79830110523 0.128077
7.87045789695 0.128037
7.94328234724 0.128035
8.01678063388 0.128054
8.09095899178 0.128079
8.16582371359 0.128104
8.24138115013 0.12812
8.31763771103 0.128115
8.39459986519 0.128076
8.47227414141 0.127995
8.55066712885 0.127875
8.62978547767 0.127725
8.70963589956 0.127551
8.79022516831 0.127353
8.87156012038 0.127138
8.9536476555 0.126917
9.03649473722 0.126703
9.12010839356 0.126506
9.20449571753 0.12633
9.2896638678 0.126167
9.37562006926 0.126016
9.46237161366 0.125884
9.54992586021 0.125767
9.63829023624 0.125665
9.72747223777 0.125583
9.8174794302 0.125519
9.90831944893 0.12547
10.0 0.125435
10.0925288608 0.125404
10.1859138805 0.125366
10.2801629813 0.125302
10.3752841582 0.125203
10.4712854805 0.125078
10.5681750921 0.124929
10.6659612123 0.124761
10.7646521363 0.124579
10.8642562362 0.124401
10.9647819614 0.124242
11.0662378398 0.124103
11.1686324778 0.123995
11.2719745618 0.123934
11.3762728582 0.123916
11.481536215 0.123928
11.5877735616 0.123959
11.6949939102 0.124004
11.8032063565 0.124057
11.9124200803 0.124106
12.0226443462 0.124134
12.1338885046 0.124132
12.2461619927 0.124107
12.3594743344 0.124048
12.4738351424 0.123962
12.5892541179 0.123863
12.7057410521 0.123749
12.8233058266 0.123628
12.9419584145 0.123512
13.0617088813 0.123395
13.1825673856 0.123262
13.3045441798 0.123118
13.4276496114 0.122986
13.5518941235 0.122869
13.677288256 0.122761
13.803842646 0.122661
13.9315680295 0.122578
14.0604752413 0.12252
14.1905752169 0.122478
14.3218789927 0.122446
14.4543977075 0.122417
14.5881426028 0.122387
14.7231250243 0.122352
14.8593564229 0.122307
14.996848355 0.12226
15.1356124844 0.122214
15.2756605824 0.122155
15.4170045295 0.122074
15.5596563161 0.121981
15.7036280433 0.121888
15.8489319246 0.121793
15.9955802861 0.121695
16.1435855683 0.1216
16.2929603264 0.121512
16.4437172321 0.121432
16.5958690744 0.121357
16.7494287603 0.121282
16.9044093164 0.12121
17.06082389 0.12114
17.2186857499 0.121069
17.3780082875 0.120991
17.5388050184 0.120903
17.7010895832 0.120817
17.8648757485 0.120733
18.0301774086 0.120654
18.1970085861 0.120583
18.3653834335 0.120528
18.5353162341 0.120501
18.7068214037 0.120493
18.879913491 0.120501
19.0546071796 0.120529
19.2309172891 0.120572
19.4088587759 0.12062
19.5884467351 0.120664
19.7696964011 0.12069
19.9526231497 0.120693
20.1372424986 0.120674
20.3235701094 0.120631
20.5116217883 0.120564
20.7014134879 0.120479
20.8929613085 0.120385
21.0862814993 0.120283
21.2813904598 0.12018
21.4783047413 0.120091
21.6770410482 0.120026
21.8776162395 0.119985
22.0800473302 0.119958
22.2843514927 0.119936
22.4905460584 0.119919
22.6986485188 0.119908
22.9086765277 0.119894
23.1206479018 0.119871
23.3345806228 0.119829
23.550492839 0.119771
23.7684028662 0.1197
23.9883291902 0.119618
24.2102904674 0.119529
24.4343055269 0.11944
24.6603933723 0.11936
24.8885731828 0.119291
25.1188643151 0.119237
25.351286305 0.119205
25.5858588691 0.119187
25.8226019063 0.119178
26.0615355 0.119183
26.302679919 0.119197
26.5460556198 0.119207
26.7916832482 0.119216
27.0395836411 0.119225
27.2897778281 0.119218
27.5422870334 0.119197
27.7971326776 0.119174
28.0543363795 0.119141
28.313919958 0.119098
28.5759054337 0.119058
28.8403150313 0.119021
29.1071711807 0.118984
29.3764965196 0.118943
29.6483138952 0.118902
29.9226463661 0.118865
30.199517204 0.118827
30.4789498963 0.118787
30.7609681474 0.118744
31.0455958813 0.1187
31.3328572432 0.118655
31.6227766017 0.118611
31.915378551 0.118571
32.2106879128 0.118535
32.5087297385 0.118501
32.8095293113 0.118469
33.1131121483 0.118443
33.4195040026 0.118419
33.7287308659 0.118392
34.0408189701 0.118366
34.35579479 0.11834
34.6736850453 0.118315
34.9945167028 0.118296
35.3183169792 0.118283
35.6451133426 0.118273
35.9749335156 0.118273
36.307805477 0.118288
36.6437574648 0.118317
36.982817978 0.118355
37.3250157796 0.118395
37.6703798984 0.118434
38.0189396321 0.118469
38.3707245492 0.118496
38.7257644922 0.118513
39.0840895792 0.118518
39.4457302075 0.118511
39.8107170553 0.118495
40.1790810849 0.118471
40.5508535448 0.118443
40.926065973 0.118413
41.304750199 0.118387
41.686938347 0.118363
42.0726628384 0.118342
42.4619563946 0.118324
42.8548520397 0.118311
43.2513831035 0.118301
43.651583224 0.118285
44.0554863507 0.118266
44.4631267469 0.118246
44.8745389933 0.118225
45.2897579904 0.118201
45.7088189615 0.118176
46.131757456 0.118152
46.5586093523 0.11813
46.9894108605 0.118112
47.424198526 0.118096
47.8630092323 0.118082
48.305880204 0.118071
48.7528490103 0.118061
49.2039535681 0.118051
49.659232145 0.118043
50.1187233627 0.118037
50.5824662003 0.118033
51.0504999975 0.118028
51.5228644582 0.118021
51.9995996534 0.118016
52.480746025 0.118013
52.9663443892 0.118011
53.4564359397 0.118013
53.9510622515 0.118017
54.4502652842 0.11802
54.9540873858 0.118027
55.4625712958 0.118038
55.9757601495 0.118047
56.4936974812 0.118052
57.0164272281 0.118056
57.5439937337 0.118058
58.0764417521 0.118056
58.6138164514 0.118047
59.1561634175 0.118033
59.7035286584 0.118011
60.2559586074 0.117986
60.8135001279 0.117958
61.3762005165 0.117929
61.9441075077 0.117899
62.5172692776 0.11787
63.095734448 0.117846
63.6795520908 0.117829
64.2687717317 0.117817
64.8634433548 0.117809
65.4636174067 0.117807
66.0693448008 0.11781
66.6806769214 0.117815
67.2976656284 0.117822
67.9203632617 0.117829
68.5488226453 0.117833
69.1830970919 0.117834
69.8232404077 0.117832
70.4693068967 0.117827
71.1213513653 0.117817
71.7794291271 0.117804
72.4435960075 0.117789
73.1139083483 0.117773
73.7904230129 0.117755
74.4731973906 0.117736
75.1622894018 0.117716
75.8577575029 0.117694
76.5596606911 0.117672
77.2680585096 0.117653
77.9830110523 0.117636
78.7045789695 0.11762
79.4328234724 0.117609
80.1678063388 0.117603
80.9095899178 0.117603
81.6582371359 0.117609
82.4138115013 0.117625
83.1763771103 0.117648
83.9459986519 0.117676
84.7227414141 0.11771
85.5066712885 0.117748
86.2978547767 0.117789
87.0963589956 0.117833
87.9022516831 0.117878
88.7156012038 0.117922
89.536476555 0.117966
90.3649473722 0.118007
91.2010839356 0.118042
92.0449571753 0.118069
92.896638678 0.118085
93.7562006926 0.118091
94.6237161366 0.118086
95.4992586021 0.118072
96.3829023624 0.118053
97.2747223777 0.118029
98.174794302 0.118003
99.0831944893 0.117977
100.0 0.117953
100.925288608 0.117934
101.859138805 0.11792
102.801629813 0.117914
103.752841582 0.117912
104.712854805 0.117912
105.681750921 0.117917
106.659612123 0.117928
107.646521363 0.117937
108.642562362 0.11795
109.647819614 0.117967
110.662378398 0.117978
111.686324778 0.117983
112.719745618 0.117991
113.762728582 0.118
114.81536215 0.118006
115.877735616 0.118006
116.949939102 0.117997
118.032063565 0.117977
119.124200803 0.117955
120.226443462 0.117935
121.338885046 0.117916
122.461619927 0.117896
123.594743344 0.117877
124.738351424 0.117868
125.892541179 0.117866
127.057410521 0.117869
128.233058266 0.117883
129.419584145 0.117906
130.617088813 0.117929
131.825673856 0.117948
133.045441798 0.117965
134.276496114 0.117982
135.518941235 0.117992
136.77288256 0.117994
138.03842646 0.117992
139.315680295 0.117985
140.604752413 0.117975
141.905752169 0.117966
143.218789927 0.117956
144.543977075 0.117949
145.881426028 0.117949
147.231250243 0.117955
148.593564229 0.117963
149.96848355 0.117965
151.356124844 0.117963
152.756605824 0.117974
154.170045295 0.117986
155.596563161 0.11799
157.036280433 0.117994
158.489319246 0.117999
159.955802861 0.118001
161.435855683 0.118001
162.929603264 0.118001
164.437172321 0.117998
165.958690744 0.117997
167.494287603 0.117999
169.044093164 0.117998
170.6082389 0.117994
172.186857499 0.117994
173.780082875 0.117996
175.388050184 0.117997
177.010895832 0.117999
178.648757485 0.118004
180.301774086 0.11801
181.970085861 0.118015
183.653834335 0.118045
185.353162341 0.118074
187.068214037 0.117973
188.79913491 0.118099
190.546071796 0.118476
192.309172891 0.117148
194.088587759 0.117613
195.884467351 0.123715
197.696964011 0.0248407
199.526231497 0.0977043
201.372424986 -79.2492
203.235701094 -185.137
205.116217883 -290.049
207.014134879 -393.998
208.929613085 -496.995
210.862814993 -599.047
212.813904598 -700.169
214.783047413 -800.359
216.770410482 -899.63
218.776162395 -997.991
220.800473302 -1095.46
222.843514927 -1192.02
224.905460584 -1287.7
226.986485188 -1382.5
229.086765277 -1476.44
231.206479018 -1569.52
233.345806228 -1661.74
235.50492839 -1753.11
237.684028662 -1843.65
239.883291902 -1933.36
242.102904674 -2022.24
244.343055269 -2110.31
246.603933723 -2197.57
248.885731828 -2284.03
251.188643151 -2369.71
253.51286305 -2454.59
255.858588691 -2538.69
258.226019063 -2622.03
260.615355 -2704.6
263.02679919 -2786.42
265.460556198 -2867.48
267.916832482 -2947.8
270.395836411 -3027.38
272.897778281 -3106.24
275.422870334 -3184.37
277.971326776 -3261.79
280.543363795 -3338.49
283.13919958 -3414.49
285.759054337 -3489.8
288.403150313 -3564.42
291.071711807 -3638.35
293.764965196 -3711.6
296.483138952 -3784.18
299.226463661 -3856.1
301.99517204 -3927.36
304.789498963 -3997.96
307.609681474 -4067.91
310.455958813 -4137.23
313.328572432 -4205.91
316.227766017 -4273.96
319.15378551 -4341.39
322.106879128 -4408.19
325.087297385 -4474.39
328.095293113 -4539.98
331.131121483 -4604.96
334.195040026 -4669.36
337.287308659 -4733.16
340.408189701 -4796.37
343.5579479 -4859.01
346.736850453 -4921.07
349.945167028 -4982.56
353.183169792 -5043.5
356.451133426 -5103.87
359.749335156 -5163.68
363.07805477 -5222.95
366.437574648 -5281.68
369.82817978 -5339.87
373.250157796 -5397.52
376.703798984 -5454.64
380.189396321 -5511.25
383.707245492 -5567.33
387.257644922 -5622.9
390.840895792 -5677.96
394.457302075 -5732.51
398.107170553 -5786.56
401.790810849 -5840.12
405.508535448 -5893.19
409.26065973 -5945.77
413.04750199 -5997.87
416.86938347 -6049.49
420.726628384 -6100.64
424.619563946 -6151.32
428.548520397 -6201.53
432.513831035 -6251.28
436.51583224 -6300.59
440.554863507 -6349.43
444.631267469 -6397.83
448.745389933 -6445.78
452.897579904 -6493.3
457.088189615 -6540.38
461.31757456 -6587.02
465.586093523 -6633.24
469.894108605 -6679.04
474.24198526 -6724.42
478.630092323 -6769.38
483.05880204 -6813.92
487.528490103 -6858.06
492.039535681 -6901.8
496.59232145 -6945.13
501.187233627 -6988.07
505.824662003 -7030.61
510.504999975 -7072.76
515.228644582 -7114.53
519.995996534 -7155.91
524.80746025 -7196.92
529.663443892 -7237.55
534.564359397 -7277.8
539.510622515 -7317.69
544.502652842 -7357.21
549.540873858 -7396.37
554.625712958 -7435.17
559.757601495 -7473.61
564.936974812 -7511.7
570.164272281 -7549.45
575.439937337 -7586.84
580.764417521 -7623.89
586.138164514 -7660.61
591.561634175 -7696.99
597.035286584 -7733.03
602.559586074 -7768.74
608.135001279 -7804.13
613.762005165 -7839.19
619.441075077 -7873.93
625.172692776 -7908.35
630.95734448 -7942.46
636.795520908 -7976.25
642.687717317 -8009.73
648.634433548 -8042.91
654.636174067 -8075.78
660.693448008 -8108.35
666.806769214 -8140.62
672.976656284 -8172.6
679.203632617 -8204.28
685.488226453 -8235.68
691.830970919 -8266.78
698.232404077 -8297.6
704.693068967 -8328.14
711.213513653 -8358.4
717.794291271 -8388.37
724.435960075 -8418.08
731.139083483 -8447.51
737.904230129 -8476.68
744.731973906 -8505.57
751.622894018 -8534.2
758.577575029 -8562.57
765.596606911 -8590.68
772.680585096 -8618.53
779.830110523 -8646.12
787.045789695 -8673.46
794.328234724 -8700.56
801.678063388 -8727.4
809.095899178 -8753.99
816.582371359 -8780.35
824.138115013 -8806.46
831.763771103 -8832.33
839.459986519 -8857.96
847.227414141 -8883.36
855.066712885 -8908.53
862.978547767 -8933.47
870.963589956 -8958.18
879.022516831 -8982.66
887.156012038 -9006.91
895.36476555 -9030.95
903.649473722 -9054.76
912.010839356 -9078.36
920.449571753 -9101.73
928.96638678 -9124.9
937.562006926 -9147.85
946.237161366 -9170.59
954.992586021 -9193.13
963.829023624 -9215.45
972.747223777 -9237.58
981.74794302 -9259.5
990.831944893 -9281.21
1000.0 -9302.73
