0.1 0.0574024
0.100925288608 0.0582677
0.101859138805 0.059125
0.102801629813 0.0602263
0.103752841582 0.0613602
0.104712854805 0.0627381
0.105681750921 0.0641897
0.106659612123 0.0653366
0.107646521363 0.0663349
0.108642562362 0.0678319
0.109647819614 0.0695898
0.110662378398 0.0708539
0.111686324778 0.0718568
0.112719745618 0.0730282
0.113762728582 0.0742648
0.11481536215 0.0758036
0.115877735616 0.0774176
0.116949939102 0.0785627
0.118032063565 0.0796384
0.119124200803 0.0806232
0.120226443462 0.081745
0.121338885046 0.0834076
0.122461619927 0.0850864
0.123594743344 0.0867941
0.124738351424 0.0883549
0.125892541179 0.0898307
0.127057410521 0.0914903
0.128233058266 0.0931595
0.129419584145 0.094836
0.130617088813 0.0963244
0.131825673856 0.0976395
0.133045441798 0.0990588
0.134276496114 0.100559
0.135518941235 0.102301
0.13677288256 0.104014
0.13803842646 0.105701
0.139315680295 0.107356
0.140604752413 0.109264
0.141905752169 0.111455
0.143218789927 0.11308
0.144543977075 0.114431
0.145881426028 0.115458
0.147231250243 0.117005
0.148593564229 0.118795
0.14996848355 0.120835
0.151356124844 0.122838
0.152756605824 0.124711
0.154170045295 0.12654
0.155596563161 0.128812
0.157036280433 0.131293
0.158489319246 0.13371
0.159955802861 0.135858
0.161435855683 0.137644
0.162929603264 0.139412
0.164437172321 0.141272
0.165958690744 0.143367
0.167494287603 0.145056
0.169044093164 0.146301
0.1706082389 0.147626
0.172186857499 0.149474
0.173780082875 0.151944
0.175388050184 0.154138
0.177010895832 0.156347
0.178648757485 0.158816
0.180301774086 0.161568
0.181970085861 0.164086
0.183653834335 0.165866
0.185353162341 0.167398
0.187068214037 0.168988
0.18879913491 0.170914
0.190546071796 0.173246
0.192309172891 0.175748
0.194088587759 0.178019
0.195884467351 0.18
0.197696964011 0.181872
0.199526231497 0.18373
0.201372424986 0.185654
0.203235701094 0.187821
0.205116217883 0.190373
0.207014134879 0.192946
0.208929613085 0.194815
0.210862814993 0.195968
0.212813904598 0.197404
0.214783047413 0.199743
0.216770410482 0.202359
0.218776162395 0.204479
0.220800473302 0.206123
0.222843514927 0.207687
0.224905460584 0.209459
0.226986485188 0.211548
0.229086765277 0.213709
0.231206479018 0.215537
0.233345806228 0.217291
0.23550492839 0.219789
0.237684028662 0.222943
0.239883291902 0.225468
0.242102904674 0.226729
0.244343055269 0.228164
0.246603933723 0.230658
0.248885731828 0.233091
0.251188643151 0.234485
0.25351286305 0.235626
0.255858588691 0.237877
0.258226019063 0.240754
0.260615355 0.242692
0.26302679919 0.243848
0.265460556198 0.245472
0.267916832482 0.247808
0.270395836411 0.249807
0.272897778281 0.251138
0.275422870334 0.252751
0.277971326776 0.255141
0.280543363795 0.25741
0.28313919958 0.258783
0.285759054337 0.259886
0.288403150313 0.26161
0.291071711807 0.263236
0.293764965196 0.263736
0.296483138952 0.263876
0.299226463661 0.265614
0.30199517204 0.268831
0.304789498963 0.271422
0.307609681474 0.272646
0.310455958813 0.273465
0.313328572432 0.274732
0.316227766017 0.27637
0.31915378551 0.278114
0.322106879128 0.279574
0.325087297385 0.280413
0.328095293113 0.281083
0.331131121483 0.282178
0.334195040026 0.283722
0.337287308659 0.285559
0.340408189701 0.287434
0.3435579479 0.289152
0.346736850453 0.29069
0.349945167028 0.292227
0.353183169792 0.29376
0.356451133426 0.294948
0.359749335156 0.295692
0.36307805477 0.296709
0.366437574648 0.298411
0.36982817978 0.300053
0.373250157796 0.300554
0.376703798984 0.300654
0.380189396321 0.301482
0.383707245492 0.303127
0.387257644922 0.304744
0.390840895792 0.306047
0.394457302075 0.307208
0.398107170553 0.308429
0.401790810849 0.309911
0.405508535448 0.311627
0.40926065973 0.313188
0.41304750199 0.314305
0.41686938347 0.315045
0.420726628384 0.31561
0.424619563946 0.316259
0.428548520397 0.317202
0.432513831035 0.31847
0.43651583224 0.320006
0.440554863507 0.32149
0.444631267469 0.322424
0.448745389933 0.322852
0.452897579904 0.323416
0.457088189615 0.324442
0.46131757456 0.325679
0.465586093523 0.32685
0.469894108605 0.327838
0.47424198526 0.328652
0.478630092323 0.329571
0.48305880204 0.330818
0.487528490103 0.332089
0.492039535681 0.332882
0.49659232145 0.333208
0.501187233627 0.333539
0.505824662003 0.334205
0.510504999975 0.335324
0.515228644582 0.336702
0.519995996534 0.337879
0.52480746025 0.338583
0.529663443892 0.339219
0.534564359397 0.340123
0.539510622515 0.340981
0.544502652842 0.341398
0.549540873858 0.341479
0.554625712958 0.341524
0.559757601495 0.341852
0.564936974812 0.342791
0.570164272281 0.344109
0.575439937337 0.345096
0.580764417521 0.345523
0.586138164514 0.345834
0.591561634175 0.34626
0.597035286584 0.346603
0.602559586074 0.346775
0.608135001279 0.347029
0.613762005165 0.347613
0.619441075077 0.34824
0.625172692776 0.348582
0.63095734448 0.348822
0.636795520908 0.349252
0.642687717317 0.349766
0.648634433548 0.350052
0.654636174067 0.350088
0.660693448008 0.350154
0.666806769214 0.350395
0.672976656284 0.350673
0.679203632617 0.350861
0.685488226453 0.350923
0.691830970919 0.350862
0.698232404077 0.350773
0.704693068967 0.350798
0.711213513653 0.35083
0.717794291271 0.350563
0.724435960075 0.350173
0.731139083483 0.350193
0.737904230129 0.350523
0.744731973906 0.350615
0.751622894018 0.350399
0.758577575029 0.35012
0.765596606911 0.349847
0.772680585096 0.349531
0.779830110523 0.349147
0.787045789695 0.348845
0.794328234724 0.348816
0.801678063388 0.348853
0.809095899178 0.348615
0.816582371359 0.348183
0.824138115013 0.347809
0.831763771103 0.347536
0.839459986519 0.347184
0.847227414141 0.346712
0.855066712885 0.34633
0.862978547767 0.346129
0.870963589956 0.345935
0.879022516831 0.345589
0.887156012038 0.345129
0.89536476555 0.344702
0.903649473722 0.344318
0.912010839356 0.343886
0.920449571753 0.343424
0.92896638678 0.342975
0.937562006926 0.342549
0.946237161366 0.342175
0.954992586021 0.34182
0.963829023624 0.341446
0.972747223777 0.341015
0.98174794302 0.340498
0.990831944893 0.33998
1.0 0.339542
1.00925288608 0.339131
1.01859138805 0.338709
1.02801629813 0.338286
1.03752841582 0.33786
1.04712854805 0.337421
1.05681750921 0.336976
1.06659612123 0.33655
1.07646521363 0.336132
1.08642562362 0.335687
1.09647819614 0.335237
1.10662378398 0.334837
1.11686324778 0.334452
1.12719745618 0.334061
1.13762728582 0.333716
1.1481536215 0.333387
1.15877735616 0.333005
1.16949939102 0.332523
1.18032063565 0.331994
1.19124200803 0.33155
1.20226443462 0.331128
1.21338885046 0.330643
1.22461619927 0.330116
1.23594743344 0.329576
1.24738351424 0.329042
1.25892541179 0.328512
1.27057410521 0.327978
1.28233058266 0.327436
1.29419584145 0.326914
1.30617088813 0.326389
1.31825673856 0.325817
1.33045441798 0.325267
1.34276496114 0.324747
1.35518941235 0.324168
1.3677288256 0.32355
1.3803842646 0.322961
1.39315680295 0.322381
1.40604752413 0.3218
1.41905752169 0.32126
1.43218789927 0.320696
1.44543977075 0.320071
1.45881426028 0.319468
1.47231250243 0.318895
1.48593564229 0.318335
1.4996848355 0.317799
1.51356124844 0.31725
1.52756605824 0.316636
1.54170045295 0.315999
1.55596563161 0.315384
1.57036280433 0.314741
1.58489319246 0.314056
1.59955802861 0.313357
1.61435855683 0.312619
1.62929603264 0.311874
1.64437172321 0.311179
1.65958690744 0.310501
1.67494287603 0.309837
1.69044093164 0.309222
1.706082389 0.308622
1.72186857499 0.308001
1.73780082875 0.307404
1.75388050184 0.306825
1.77010895832 0.306209
1.78648757485 0.305561
1.80301774086 0.304897
1.81970085861 0.304205
1.83653834335 0.303449
1.85353162341 0.302637
1.87068214037 0.301883
1.8879913491 0.301178
1.90546071796 0.30044
1.92309172891 0.29973
1.94088587759 0.299088
1.95884467351 0.298538
1.97696964011 0.298155
1.99526231497 0.297853
2.01372424986 0.297466
2.03235701094 0.296998
2.05116217883 0.296559
2.07014134879 0.296128
2.08929613085 0.295639
2.10862814993 0.295095
2.12813904598 0.294504
2.14783047413 0.29387
2.16770410482 0.293232
2.18776162395 0.292592
2.20800473302 0.291928
2.22843514927 0.291261
2.24905460584 0.290607
2.26986485188 0.289955
2.29086765277 0.289298
2.31206479018 0.288638
2.33345806228 0.287994
2.3550492839 0.287376
2.37684028662 0.286768
2.39883291902 0.286153
2.42102904674 0.285544
2.44343055269 0.284985
2.46603933723 0.284452
2.48885731828 0.283895
2.51188643151 0.283323
2.5351286305 0.282763
2.55858588691 0.282227
2.58226019063 0.281696
2.60615355 0.281168
2.6302679919 0.280666
2.65460556198 0.28019
2.67916832482 0.279728
2.70395836411 0.279298
2.72897778281 0.278874
2.75422870334 0.278412
2.77971326776 0.277959
2.80543363795 0.277532
2.8313919958 0.277098
2.85759054337 0.276648
2.88403150313 0.276177
2.91071711807 0.27568
2.93764965196 0.275176
2.96483138952 0.274678
2.99226463661 0.274166
3.0199517204 0.27362
3.04789498963 0.273023
3.07609681474 0.272426
3.10455958813 0.271877
3.13328572432 0.271351
3.16227766017 0.270847
3.1915378551 0.270386
3.22106879128 0.269963
3.25087297385 0.269595
3.28095293113 0.269301
3.31131121483 0.269031
3.34195040026 0.268756
3.37287308659 0.2685
3.40408189701 0.268239
3.435579479 0.267923
3.46736850453 0.267553
3.49945167028 0.267131
3.53183169792 0.266657
3.56451133426 0.266146
3.59749335156 0.265619
3.6307805477 0.265095
3.66437574648 0.264593
3.6982817978 0.264142
3.73250157796 0.263739
3.76703798984 0.263396
3.80189396321 0.263149
3.83707245492 0.262978
3.87257644922 0.262843
3.90840895792 0.262712
3.94457302075 0.262572
3.98107170553 0.262422
4.01790810849 0.262245
4.05508535448 0.262031
4.0926065973 0.261778
4.1304750199 0.261462
4.1686938347 0.261079
4.20726628384 0.260653
4.24619563946 0.260184
4.28548520397 0.259674
4.32513831035 0.25914
4.3651583224 0.258573
4.40554863507 0.257948
4.44631267469 0.257303
4.48745389933 0.256685
4.52897579904 0.256117
4.57088189615 0.25561
4.6131757456 0.255183
4.65586093523 0.254866
4.69894108605 0.254666
4.7424198526 0.254562
4.78630092323 0.254519
4.8305880204 0.254514
4.87528490103 0.254547
4.92039535681 0.254572
4.9659232145 0.254541
5.01187233627 0.254448
5.05824662003 0.254273
5.10504999975 0.254011
5.15228644582 0.253673
5.19995996534 0.253273
5.2480746025 0.252834
5.29663443892 0.252363
5.34564359397 0.251863
5.39510622515 0.251368
5.44502652842 0.250891
5.49540873858 0.250432
5.54625712958 0.250006
5.59757601495 0.249626
5.64936974812 0.249295
5.70164272281 0.249014
5.75439937337 0.248786
5.80764417521 0.248627
5.86138164514 0.248521
5.91561634175 0.248431
5.97035286584 0.248349
6.02559586074 0.248269
6.08135001279 0.248176
6.13762005165 0.248052
6.19441075077 0.247882
6.25172692776 0.247656
6.3095734448 0.247367
6.36795520908 0.247019
6.42687717317 0.246644
6.48634433548 0.24627
6.54636174067 0.245891
6.60693448008 0.24552
6.66806769214 0.24517
6.72976656284 0.244842
6.79203632617 0.244534
6.85488226453 0.24425
6.91830970919 0.243998
6.98232404077 0.243767
7.04693068967 0.243543
7.11213513653 0.24331
7.17794291271 0.243057
7.24435960075 0.242784
7.31139083483 0.242497
7.37904230129 0.242212
7.44731973906 0.241924
7.51622894018 0.241644
7.58577575029 0.241402
7.65596606911 0.241203
7.72680585096 0.241043
7.79830110523 0.240933
7.87045789695 0.240873
7.94328234724 0.240854
8.01678063388 0.240854
8.09095899178 0.240854
8.16582371359 0.240848
8.24138115013 0.240821
8.31763771103 0.240761
8.39459986519 0.24065
8.47227414141 0.240483
8.55066712885 0.240264
8.62978547767 0.240007
8.70963589956 0.239719
8.79022516831 0.239403
8.87156012038 0.23907
8.9536476555 0.238732
9.03649473722 0.238409
9.12010839356 0.23811
9.20449571753 0.237835
9.2896638678 0.237573
9.37562006926 0.237324
9.46237161366 0.2371
9.54992586021 0.236899
9.63829023624 0.236716
9.72747223777 0.236556
9.8174794302 0.236412
9.90831944893 0.236281
10.0 0.236167
10.0925288608 0.236061
10.1859138805 0.235941
10.2801629813 0.235784
10.3752841582 0.235585
10.4712854805 0.235361
10.5681750921 0.235116
10.6659612123 0.234855
10.7646521363 0.234582
10.8642562362 0.234317
10.9647819614 0.234075
11.0662378398 0.23386
11.1686324778 0.233687
11.2719745618 0.233577
11.3762728582 0.233523
11.481536215 0.233505
11.5877735616 0.233507
11.6949939102 0.233527
11.8032063565 0.233556
11.9124200803 0.233584
12.0226443462 0.233581
12.1338885046 0.233538
12.2461619927 0.233472
12.3594743344 0.233366
12.4738351424 0.233226
12.5892541179 0.233073
12.7057410521 0.232902
12.8233058266 0.232721
12.9419584145 0.232552
13.0617088813 0.232386
13.1825673856 0.232196
13.3045441798 0.231992
13.4276496114 0.231802
13.5518941235 0.231624
13.677288256 0.23145
13.803842646 0.231275
13.9315680295 0.231105
14.0604752413 0.230953
14.1905752169 0.23081
14.3218789927 0.23067
14.4543977075 0.230533
14.5881426028 0.230392
14.7231250243 0.230248
14.8593564229 0.230094
14.996848355 0.229948
15.1356124844 0.229824
15.2756605824 0.229699
15.4170045295 0.229559
15.5596563161 0.229411
15.7036280433 0.229276
15.8489319246 0.229151
15.9955802861 0.229026
16.1435855683 0.228909
16.2929603264 0.228804
16.4437172321 0.228713
16.5958690744 0.228628
16.7494287603 0.228545
16.9044093164 0.228463
17.06082389 0.228382
17.2186857499 0.228298
17.3780082875 0.228196
17.5388050184 0.228077
17.7010895832 0.227961
17.8648757485 0.227846
18.0301774086 0.227724
18.1970085861 0.227598
18.3653834335 0.227488
18.5353162341 0.227409
18.7068214037 0.227339
18.879913491 0.227273
19.0546071796 0.227224
19.2309172891 0.227181
19.4088587759 0.227134
19.5884467351 0.227072
19.7696964011 0.226977
19.9526231497 0.226846
20.1372424986 0.226683
20.3235701094 0.226488
20.5116217883 0.226264
20.7014134879 0.226028
20.8929613085 0.225797
21.0862814993 0.225581
21.2813904598 0.225396
21.4783047413 0.225266
21.6770410482 0.22521
21.8776162395 0.225227
22.0800473302 0.225297
22.2843514927 0.225395
22.4905460584 0.225506
22.6986485188 0.225618
22.9086765277 0.225713
23.1206479018 0.225763
23.3345806228 0.225742
23.550492839 0.225652
23.7684028662 0.225502
23.9883291902 0.225304
24.2102904674 0.225069
24.4343055269 0.224815
24.6603933723 0.224559
24.8885731828 0.224313
25.1188643151 0.22409
25.351286305 0.223901
25.5858588691 0.223742
25.8226019063 0.223608
26.0615355 0.22351
26.302679919 0.223444
26.5460556198 0.223392
26.7916832482 0.223365
27.0395836411 0.223372
27.2897778281 0.223386
27.5422870334 0.223403
27.7971326776 0.223432
28.0543363795 0.223455
28.313919958 0.223464
28.5759054337 0.223468
28.8403150313 0.22346
29.1071711807 0.223425
29.3764965196 0.223361
29.6483138952 0.223276
29.9226463661 0.223181
30.199517204 0.223076
30.4789498963 0.222962
30.7609681474 0.222843
31.0455958813 0.222727
31.3328572432 0.22262
31.6227766017 0.222524
31.915378551 0.222441
32.2106879128 0.222368
32.5087297385 0.222298
32.8095293113 0.222228
33.1131121483 0.222164
33.4195040026 0.222095
33.7287308659 0.222013
34.0408189701 0.221925
34.35579479 0.221828
34.6736850453 0.221727
34.9945167028 0.221633
35.3183169792 0.221547
35.6451133426 0.221463
35.9749335156 0.221395
36.307805477 0.22135
36.6437574648 0.221326
36.982817978 0.221315
37.3250157796 0.221309
37.6703798984 0.221299
38.0189396321 0.221284
38.3707245492 0.221259
38.7257644922 0.221218
39.0840895792 0.221157
39.4457302075 0.221079
39.8107170553 0.220988
40.1790810849 0.220887
40.5508535448 0.220778
40.926065973 0.220668
41.304750199 0.220564
41.686938347 0.220465
42.0726628384 0.220374
42.4619563946 0.220292
42.8548520397 0.22022
43.2513831035 0.220158
43.651583224 0.220096
44.0554863507 0.220039
44.4631267469 0.219991
44.8745389933 0.219953
45.2897579904 0.219922
45.7088189615 0.219898
46.131757456 0.21988
46.5586093523 0.21987
46.9894108605 0.219866
47.424198526 0.219863
47.8630092323 0.219856
48.305880204 0.219845
48.7528490103 0.219829
49.2039535681 0.219804
49.659232145 0.21977
50.1187233627 0.219733
50.5824662003 0.219693
51.0504999975 0.219644
51.5228644582 0.219588
51.9995996534 0.219529
52.480746025 0.21947
52.9663443892 0.219407
53.4564359397 0.219346
53.9510622515 0.219287
54.4502652842 0.219225
54.9540873858 0.219168
55.4625712958 0.219119
55.9757601495 0.219069
56.4936974812 0.219017
57.0164272281 0.218965
57.5439937337 0.218916
58.0764417521 0.218863
58.6138164514 0.218803
59.1561634175 0.218737
59.7035286584 0.218661
60.2559586074 0.218579
60.8135001279 0.218493
61.3762005165 0.218405
61.9441075077 0.218314
62.5172692776 0.218226
63.095734448 0.218148
63.6795520908 0.218082
64.2687717317 0.218029
64.8634433548 0.217988
65.4636174067 0.217962
66.0693448008 0.217948
66.6806769214 0.217942
67.2976656284 0.217939
67.9203632617 0.217936
68.5488226453 0.217925
69.1830970919 0.217905
69.8232404077 0.217873
70.4693068967 0.217826
71.1213513653 0.217763
71.7794291271 0.217686
72.4435960075 0.217595
73.1139083483 0.217493
73.7904230129 0.217379
74.4731973906 0.217253
75.1622894018 0.217115
75.8577575029 0.216968
76.5596606911 0.216818
77.2680585096 0.216672
77.9830110523 0.216536
78.7045789695 0.216414
79.4328234724 0.216315
80.1678063388 0.216247
80.9095899178 0.216214
81.6582371359 0.216217
82.4138115013 0.216256
83.1763771103 0.216322
83.9459986519 0.216406
84.7227414141 0.216505
85.5066712885 0.216609
86.2978547767 0.216711
87.0963589956 0.216805
87.9022516831 0.216884
88.7156012038 0.216948
89.536476555 0.216997
90.3649473722 0.217028
91.2010839356 0.217037
92.0449571753 0.217022
92.896638678 0.216983
93.7562006926 0.216917
94.6237161366 0.216825
95.4992586021 0.216714
96.3829023624 0.216591
97.2747223777 0.216459
98.174794302 0.216325
99.0831944893 0.216192
100.0 0.216069
100.925288608 0.215961
101.859138805 0.215869
102.801629813 0.215799
103.752841582 0.215748
104.712854805 0.21571
105.681750921 0.215691
106.659612123 0.215694
107.646521363 0.215713
108.642562362 0.215752
109.647819614 0.215813
110.662378398 0.215869
111.686324778 0.215915
112.719745618 0.21596
113.762728582 0.215997
114.81536215 0.216009
115.877735616 0.215984
116.949939102 0.215912
118.032063565 0.215794
119.124200803 0.21565
120.226443462 0.215496
121.338885046 0.215337
122.461619927 0.215177
123.594743344 0.21503
124.738351424 0.214919
125.892541179 0.214841
127.057410521 0.214794
128.233058266 0.214788
129.419584145 0.214809
130.617088813 0.214839
131.825673856 0.214863
133.045441798 0.21488
134.276496114 0.214888
135.518941235 0.214873
136.77288256 0.21483
138.03842646 0.214772
139.315680295 0.214702
140.604752413 0.214627
141.905752169 0.214553
143.218789927 0.214487
144.543977075 0.214436
145.881426028 0.21441
147.231250243 0.214408
148.593564229 0.214417
149.96848355 0.21442
151.356124844 0.214418
152.756605824 0.214436
154.170045295 0.21445
155.596563161 0.214438
157.036280433 0.214414
158.489319246 0.214378
159.955802861 0.214324
161.435855683 0.214257
162.929603264 0.214178
164.437172321 0.214086
165.958690744 0.21399
167.494287603 0.213895
169.044093164 0.213787
170.6082389 0.213674
172.186857499 0.213569
173.780082875 0.213473
175.388050184 0.213387
177.010895832 0.213314
178.648757485 0.213264
180.301774086 0.213238
181.970085861 0.213233
183.653834335 0.213293
185.353162341 0.213362
187.068214037 0.213203
188.79913491 0.213458
190.546071796 0.214158
192.309172891 0.211755
194.088587759 0.212587
195.884467351 0.223624
197.696964011 0.0441373
199.526231497 0.176395
201.372424986 -143.199
203.235701094 -334.534
205.116217883 -524.103
207.014134879 -711.934
208.929613085 -898.044
210.862814993 -1082.45
212.813904598 -1265.17
214.783047413 -1446.21
216.770410482 -1625.58
218.776162395 -1803.32
220.800473302 -1979.43
222.843514927 -2153.92
224.905460584 -2326.81
226.986485188 -2498.11
229.086765277 -2667.85
231.206479018 -2836.04
233.345806228 -3002.67
235.50492839 -3167.78
237.684028662 -3331.37
239.883291902 -3493.48
242.102904674 -3654.09
244.343055269 -3813.22
246.603933723 -3970.9
248.885731828 -4127.13
251.188643151 -4281.94
253.51286305 -4435.32
255.858588691 -4587.29
258.226019063 -4737.87
260.615355 -4887.07
263.02679919 -5034.91
265.460556198 -5181.39
267.916832482 -5326.52
270.395836411 -5470.32
272.897778281 -5612.82
275.422870334 -5754
277.971326776 -5893.88
280.543363795 -6032.48
283.13919958 -6169.81
285.759054337 -6305.89
288.403150313 -6440.72
291.071711807 -6574.3
293.764965196 -6706.67
296.483138952 -6837.82
299.226463661 -6967.77
301.99517204 -7096.53
304.789498963 -7224.11
307.609681474 -7350.51
310.455958813 -7475.77
313.328572432 -7599.86
316.227766017 -7722.83
319.15378551 -7844.66
322.106879128 -7965.38
325.087297385 -8084.99
328.095293113 -8203.51
331.131121483 -8320.93
334.195040026 -8437.28
337.287308659 -8552.58
340.408189701 -8666.8
343.5579479 -8779.98
346.736850453 -8892.12
349.945167028 -9003.24
353.183169792 -9113.34
356.451133426 -9222.42
359.749335156 -9330.51
363.07805477 -9437.61
366.437574648 -9543.72
369.82817978 -9648.86
373.250157796 -9753.04
376.703798984 -9856.26
380.189396321 -9958.54
383.707245492 -10059.9
387.257644922 -10160.3
390.840895792 -10259.8
394.457302075 -10358.3
398.107170553 -10456
401.790810849 -10552.8
405.508535448 -10648.7
409.26065973 -10743.7
413.04750199 -10837.8
416.86938347 -10931.1
420.726628384 -11023.5
424.619563946 -11115.1
428.548520397 -11205.8
432.513831035 -11295.7
436.51583224 -11384.8
440.554863507 -11473.1
444.631267469 -11560.5
448.745389933 -11647.2
452.897579904 -11733.1
457.088189615 -11818.1
461.31757456 -11902.4
465.586093523 -11985.9
469.894108605 -12068.7
474.24198526 -12150.7
478.630092323 -12231.9
483.05880204 -12312.4
487.528490103 -12392.2
492.039535681 -12471.2
496.59232145 -12549.5
501.187233627 -12627.1
505.824662003 -12704
510.504999975 -12780.1
515.228644582 -12855.6
519.995996534 -12930.4
524.80746025 -13004.5
529.663443892 -13077.9
534.564359397 -13150.6
539.510622515 -13222.7
544.502652842 -13294.1
549.540873858 -13364.9
554.625712958 -13435
559.757601495 -13504.4
564.936974812 -13573.3
570.164272281 -13641.5
575.439937337 -13709
580.764417521 -13776
586.138164514 -13842.3
591.561634175 -13908.1
597.035286584 -13973.2
602.559586074 -14037.7
608.135001279 -14101.7
613.762005165 -14165
619.441075077 -14227.8
625.172692776 -14290
630.95734448 -14351.6
636.795520908 -14412.7
642.687717317 -14473.2
648.634433548 -14533.1
654.636174067 -14592.5
660.693448008 -14651.4
666.806769214 -14709.7
672.976656284 -14767.5
679.203632617 -14824.7
685.488226453 -14881.4
691.830970919 -14937.6
698.232404077 -14993.3
704.693068967 -15048.5
711.213513653 -15103.2
717.794291271 -15157.4
724.435960075 -15211
731.139083483 -15264.2
737.904230129 -15316.9
744.731973906 -15369.1
751.622894018 -15420.9
758.577575029 -15472.1
765.596606911 -15522.9
772.680585096 -15573.2
779.830110523 -15623.1
787.045789695 -15672.5
794.328234724 -15721.5
801.678063388 -15770
809.095899178 -15818
816.582371359 -15865.6
824.138115013 -15912.8
831.763771103 -15959.6
839.459986519 -16005.9
847.227414141 -16051.8
855.066712885 -16097.3
862.978547767 -16142.3
870.963589956 -16187
879.022516831 -16231.2
887.156012038 -16275
895.36476555 -16318.5
903.649473722 -16361.5
912.010839356 -16404.1
920.449571753 -16446.4
928.96638678 -16488.2
937.562006926 -16529.7
946.237161366 -16570.8
954.992586021 -16611.5
963.829023624 -16651.9
972.747223777 -16691.8
981.74794302 -16731.4
990.831944893 -16770.7
1000.0 -16809.6
