0.1 0.0402613
0.100925288608 0.0407765
0.101859138805 0.0412869
0.102801629813 0.0418451
0.103752841582 0.0424072
0.104712854805 0.042851
0.105681750921 0.0432524
0.106659612123 0.0439329
0.107646521363 0.0447412
0.108642562362 0.0455092
0.109647819614 0.0462524
0.110662378398 0.0470141
0.111686324778 0.0477819
0.112719745618 0.048491
0.113762728582 0.0491714
0.11481536215 0.049849
0.115877735616 0.0505213
0.116949939102 0.0512741
0.118032063565 0.0520274
0.119124200803 0.0526818
0.120226443462 0.053308
0.121338885046 0.0538446
0.122461619927 0.0544745
0.123594743344 0.0552367
0.124738351424 0.0560371
0.125892541179 0.0568546
0.127057410521 0.0576463
0.128233058266 0.0584233
0.129419584145 0.0591711
0.130617088813 0.0599478
0.131825673856 0.0607505
0.133045441798 0.0617124
0.134276496114 0.0626415
0.135518941235 0.0633904
0.13677288256 0.064007
0.13803842646 0.0645414
0.139315680295 0.0650753
0.140604752413 0.0656087
0.141905752169 0.0661418
0.143218789927 0.0669136
0.144543977075 0.0677839
0.145881426028 0.0687705
0.147231250243 0.0696795
0.148593564229 0.0705296
0.14996848355 0.0713158
0.151356124844 0.0721639
0.152756605824 0.073112
0.154170045295 0.0741367
0.155596563161 0.0751239
0.157036280433 0.0758292
0.158489319246 0.0762592
0.159955802861 0.0763666
0.161435855683 0.0766787
0.162929603264 0.0772536
0.164437172321 0.0780031
0.165958690744 0.0788045
0.167494287603 0.079698
0.169044093164 0.0806625
0.1706082389 0.0816111
0.172186857499 0.0824591
0.173780082875 0.0831227
0.175388050184 0.0836728
0.177010895832 0.0843164
0.178648757485 0.085175
0.180301774086 0.0862627
0.181970085861 0.0873771
0.183653834335 0.08819
0.185353162341 0.0886084
0.187068214037 0.0888071
0.18879913491 0.0891441
0.190546071796 0.0898247
0.192309172891 0.0906822
0.194088587759 0.0913319
0.195884467351 0.0917563
0.197696964011 0.0922057
0.199526231497 0.0929027
0.201372424986 0.0939829
0.203235701094 0.0951614
0.205116217883 0.095994
0.207014134879 0.0964507
0.208929613085 0.0968865
0.210862814993 0.0974664
0.212813904598 0.0979751
0.214783047413 0.098309
0.216770410482 0.0987712
0.218776162395 0.0996019
0.220800473302 0.100541
0.222843514927 0.101229
0.224905460584 0.101745
0.226986485188 0.102371
0.229086765277 0.103079
0.231206479018 0.103631
0.233345806228 0.104057
0.23550492839 0.104636
0.237684028662 0.105359
0.239883291902 0.105822
0.242102904674 0.105858
0.244343055269 0.106029
0.246603933723 0.106691
0.248885731828 0.107497
0.251188643151 0.108077
0.25351286305 0.108497
0.255858588691 0.109
0.258226019063 0.10958
0.260615355 0.110064
0.26302679919 0.110388
0.265460556198 0.110571
0.267916832482 0.110736
0.270395836411 0.11117
0.272897778281 0.111898
0.275422870334 0.112637
0.277971326776 0.113199
0.280543363795 0.113679
0.28313919958 0.114174
0.285759054337 0.114492
0.288403150313 0.114402
0.291071711807 0.114299
0.293764965196 0.114677
0.296483138952 0.115438
0.299226463661 0.115991
0.30199517204 0.116227
0.304789498963 0.116454
0.307609681474 0.11683
0.310455958813 0.117268
0.313328572432 0.117658
0.316227766017 0.117948
0.31915378551 0.118146
0.322106879128 0.118433
0.325087297385 0.118973
0.328095293113 0.119495
0.331131121483 0.119634
0.334195040026 0.119589
0.337287308659 0.119742
0.340408189701 0.120064
0.3435579479 0.120239
0.346736850453 0.12024
0.349945167028 0.12038
0.353183169792 0.120802
0.356451133426 0.121147
0.359749335156 0.121208
0.36307805477 0.121216
0.366437574648 0.121421
0.36982817978 0.121867
0.373250157796 0.122504
0.376703798984 0.123107
0.380189396321 0.123434
0.383707245492 0.123509
0.387257644922 0.123638
0.390840895792 0.12395
0.394457302075 0.124429
0.398107170553 0.124997
0.401790810849 0.125483
0.405508535448 0.125776
0.40926065973 0.126006
0.41304750199 0.126285
0.41686938347 0.126552
0.420726628384 0.126752
0.424619563946 0.12699
0.428548520397 0.127368
0.432513831035 0.127825
0.43651583224 0.128243
0.440554863507 0.128548
0.444631267469 0.12872
0.448745389933 0.128842
0.452897579904 0.129063
0.457088189615 0.129405
0.46131757456 0.129738
0.465586093523 0.129989
0.469894108605 0.130267
0.47424198526 0.130701
0.478630092323 0.131139
0.48305880204 0.131368
0.487528490103 0.131463
0.492039535681 0.131632
0.49659232145 0.131935
0.501187233627 0.132357
0.505824662003 0.132868
0.510504999975 0.133293
0.515228644582 0.133542
0.519995996534 0.133749
0.52480746025 0.133991
0.529663443892 0.134198
0.534564359397 0.134357
0.539510622515 0.134579
0.544502652842 0.134954
0.549540873858 0.135314
0.554625712958 0.135431
0.559757601495 0.135465
0.564936974812 0.135785
0.570164272281 0.136335
0.575439937337 0.136657
0.580764417521 0.136659
0.586138164514 0.136759
0.591561634175 0.137133
0.597035286584 0.137485
0.602559586074 0.13762
0.608135001279 0.137652
0.613762005165 0.137745
0.619441075077 0.137869
0.625172692776 0.137993
0.63095734448 0.138203
0.636795520908 0.138535
0.642687717317 0.138907
0.648634433548 0.139227
0.654636174067 0.139455
0.660693448008 0.139609
0.666806769214 0.139745
0.672976656284 0.139944
0.679203632617 0.140226
0.685488226453 0.140457
0.691830970919 0.140533
0.698232404077 0.140584
0.704693068967 0.140818
0.711213513653 0.141151
0.717794291271 0.141271
0.724435960075 0.141236
0.731139083483 0.141408
0.737904230129 0.141733
0.744731973906 0.14189
0.751622894018 0.141902
0.758577575029 0.141922
0.765596606911 0.141986
0.772680585096 0.142172
0.779830110523 0.142478
0.787045789695 0.142698
0.794328234724 0.142742
0.801678063388 0.142777
0.809095899178 0.14298
0.816582371359 0.143264
0.824138115013 0.143442
0.831763771103 0.143524
0.839459986519 0.143606
0.847227414141 0.143698
0.855066712885 0.143831
0.862978547767 0.144025
0.870963589956 0.144221
0.879022516831 0.144351
0.887156012038 0.144433
0.89536476555 0.14457
0.903649473722 0.144716
0.912010839356 0.14474
0.920449571753 0.144751
0.92896638678 0.144915
0.937562006926 0.145175
0.946237161366 0.145384
0.954992586021 0.145499
0.963829023624 0.145625
0.972747223777 0.145786
0.98174794302 0.14589
0.990831944893 0.145979
1.0 0.146128
1.00925288608 0.146291
1.01859138805 0.146429
1.02801629813 0.146553
1.03752841582 0.146681
1.04712854805 0.146835
1.05681750921 0.14702
1.06659612123 0.147229
1.07646521363 0.147406
1.08642562362 0.147474
1.09647819614 0.147476
1.10662378398 0.147559
1.11686324778 0.147739
1.12719745618 0.147943
1.13762728582 0.148173
1.1481536215 0.148405
1.15877735616 0.148588
1.16949939102 0.148678
1.18032063565 0.148725
1.19124200803 0.148864
1.20226443462 0.149072
1.21338885046 0.14926
1.22461619927 0.149385
1.23594743344 0.149477
1.24738351424 0.149631
1.25892541179 0.149835
1.27057410521 0.149948
1.28233058266 0.149919
1.29419584145 0.149946
1.30617088813 0.150134
1.31825673856 0.150317
1.33045441798 0.150405
1.34276496114 0.150469
1.35518941235 0.150551
1.3677288256 0.150662
1.3803842646 0.150798
1.39315680295 0.150899
1.40604752413 0.150934
1.41905752169 0.150969
1.43218789927 0.15103
1.44543977075 0.151109
1.45881426028 0.151195
1.47231250243 0.151237
1.48593564229 0.151262
1.4996848355 0.151335
1.51356124844 0.151424
1.52756605824 0.151469
1.54170045295 0.151503
1.55596563161 0.151555
1.57036280433 0.151559
1.58489319246 0.151498
1.59955802861 0.151431
1.61435855683 0.151407
1.62929603264 0.151448
1.64437172321 0.151504
1.65958690744 0.151481
1.67494287603 0.151422
1.69044093164 0.151408
1.706082389 0.151399
1.72186857499 0.151351
1.73780082875 0.151328
1.75388050184 0.151351
1.77010895832 0.151356
1.78648757485 0.151327
1.80301774086 0.151284
1.81970085861 0.151235
1.83653834335 0.151148
1.85353162341 0.151009
1.87068214037 0.150916
1.8879913491 0.150864
1.90546071796 0.15077
1.92309172891 0.150696
1.94088587759 0.150658
1.95884467351 0.150555
1.97696964011 0.150346
1.99526231497 0.15012
2.01372424986 0.149986
2.03235701094 0.149957
2.05116217883 0.149967
2.07014134879 0.149933
2.08929613085 0.149847
2.10862814993 0.149749
2.12813904598 0.149636
2.14783047413 0.149496
2.16770410482 0.149365
2.18776162395 0.149244
2.20800473302 0.149111
2.22843514927 0.148975
2.24905460584 0.148848
2.26986485188 0.148717
2.29086765277 0.14857
2.31206479018 0.148404
2.33345806228 0.148246
2.3550492839 0.1481
2.37684028662 0.14795
2.39883291902 0.147783
2.42102904674 0.147614
2.44343055269 0.147477
2.46603933723 0.147346
2.48885731828 0.147183
2.51188643151 0.147009
2.5351286305 0.146845
2.55858588691 0.146703
2.58226019063 0.146559
2.60615355 0.146409
2.6302679919 0.146275
2.65460556198 0.146151
2.67916832482 0.146026
2.70395836411 0.145925
2.72897778281 0.145819
2.75422870334 0.145658
2.77971326776 0.145489
2.80543363795 0.145336
2.8313919958 0.145171
2.85759054337 0.144991
2.88403150313 0.144796
2.91071711807 0.144585
2.93764965196 0.144377
2.96483138952 0.14419
2.99226463661 0.144012
3.0199517204 0.143822
3.04789498963 0.143593
3.07609681474 0.14337
3.10455958813 0.143192
3.13328572432 0.143022
3.16227766017 0.142853
3.1915378551 0.142696
3.22106879128 0.142536
3.25087297385 0.142382
3.28095293113 0.142261
3.31131121483 0.142139
3.34195040026 0.141999
3.37287308659 0.141874
3.40408189701 0.141751
3.435579479 0.141597
3.46736850453 0.141428
3.49945167028 0.141255
3.53183169792 0.141069
3.56451133426 0.140873
3.59749335156 0.140672
3.6307805477 0.14047
3.66437574648 0.140275
3.6982817978 0.1401
3.73250157796 0.139921
3.76703798984 0.139746
3.80189396321 0.139615
3.83707245492 0.139519
3.87257644922 0.13943
3.90840895792 0.139331
3.94457302075 0.139226
3.98107170553 0.139121
4.01790810849 0.139014
4.05508535448 0.138904
4.0926065973 0.138796
4.1304750199 0.138662
4.1686938347 0.138493
4.20726628384 0.138311
4.24619563946 0.138117
4.28548520397 0.13791
4.32513831035 0.137707
4.3651583224 0.137494
4.40554863507 0.137234
4.44631267469 0.136954
4.48745389933 0.136685
4.52897579904 0.136436
4.57088189615 0.136205
4.6131757456 0.135997
4.65586093523 0.135824
4.69894108605 0.135691
4.7424198526 0.135588
4.78630092323 0.135498
4.8305880204 0.135419
4.87528490103 0.135372
4.92039535681 0.135333
4.9659232145 0.135274
5.01187233627 0.135209
5.05824662003 0.135133
5.10504999975 0.135033
5.15228644582 0.134905
5.19995996534 0.134752
5.2480746025 0.134584
5.29663443892 0.134391
5.34564359397 0.134166
5.39510622515 0.133926
5.44502652842 0.133674
5.49540873858 0.133409
5.54625712958 0.133149
5.59757601495 0.132908
5.64936974812 0.132693
5.70164272281 0.132505
5.75439937337 0.132352
5.80764417521 0.132254
5.86138164514 0.1322
5.91561634175 0.132156
5.97035286584 0.132124
6.02559586074 0.132101
6.08135001279 0.132075
6.13762005165 0.132033
6.19441075077 0.131963
6.25172692776 0.131853
6.3095734448 0.131696
6.36795520908 0.131493
6.42687717317 0.131278
6.48634433548 0.131075
6.54636174067 0.130874
6.60693448008 0.130679
6.66806769214 0.1305
6.72976656284 0.130347
6.79203632617 0.130223
6.85488226453 0.130116
6.91830970919 0.130022
6.98232404077 0.129936
7.04693068967 0.129852
7.11213513653 0.129755
7.17794291271 0.129632
7.24435960075 0.129477
7.31139083483 0.129297
7.37904230129 0.129104
7.44731973906 0.128896
7.51622894018 0.128685
7.58577575029 0.1285
7.65596606911 0.128345
7.72680585096 0.12822
7.79830110523 0.128135
7.87045789695 0.128096
7.94328234724 0.128094
8.01678063388 0.128112
8.09095899178 0.128137
8.16582371359 0.128162
8.24138115013 0.128178
8.31763771103 0.128173
8.39459986519 0.128135
8.47227414141 0.128054
8.55066712885 0.127933
8.62978547767 0.127783
8.70963589956 0.127609
8.79022516831 0.127412
8.87156012038 0.127197
8.9536476555 0.126975
9.03649473722 0.126762
9.12010839356 0.126565
9.20449571753 0.126389
9.2896638678 0.126226
9.37562006926 0.126075
9.46237161366 0.125943
9.54992586021 0.125825
9.63829023624 0.125724
9.72747223777 0.125642
9.8174794302 0.125578
9.90831944893 0.125528
10.0 0.125493
10.0925288608 0.125463
10.1859138805 0.125425
10.2801629813 0.12536
10.3752841582 0.125262
10.4712854805 0.125137
10.5681750921 0.124988
10.6659612123 0.124819
10.7646521363 0.124638
10.8642562362 0.12446
10.9647819614 0.1243
11.0662378398 0.124162
11.1686324778 0.124054
11.2719745618 0.123992
11.3762728582 0.123974
11.481536215 0.123987
11.5877735616 0.124018
11.6949939102 0.124063
11.8032063565 0.124116
11.9124200803 0.124165
12.0226443462 0.124192
12.1338885046 0.124191
12.2461619927 0.124165
12.3594743344 0.124107
12.4738351424 0.124021
12.5892541179 0.123922
12.7057410521 0.123808
12.8233058266 0.123686
12.9419584145 0.12357
13.0617088813 0.123454
13.1825673856 0.12332
13.3045441798 0.123176
13.4276496114 0.123044
13.5518941235 0.122928
13.677288256 0.122819
13.803842646 0.122719
13.9315680295 0.122636
14.0604752413 0.122578
14.1905752169 0.122537
14.3218789927 0.122505
14.4543977075 0.122476
14.5881426028 0.122446
14.7231250243 0.122411
14.8593564229 0.122366
14.996848355 0.122319
15.1356124844 0.122273
15.2756605824 0.122214
15.4170045295 0.122133
15.5596563161 0.12204
15.7036280433 0.121947
15.8489319246 0.121852
15.9955802861 0.121754
16.1435855683 0.121659
16.2929603264 0.121571
16.4437172321 0.121491
16.5958690744 0.121415
16.7494287603 0.121341
16.9044093164 0.121269
17.06082389 0.121198
17.2186857499 0.121128
17.3780082875 0.121049
17.5388050184 0.120961
17.7010895832 0.120875
17.8648757485 0.120792
18.0301774086 0.120713
18.1970085861 0.120641
18.3653834335 0.120587
18.5353162341 0.12056
18.7068214037 0.120551
18.879913491 0.120559
19.0546071796 0.120588
19.2309172891 0.12063
19.4088587759 0.120678
19.5884467351 0.120722
19.7696964011 0.120749
19.9526231497 0.120752
20.1372424986 0.120733
20.3235701094 0.12069
20.5116217883 0.120623
20.7014134879 0.120538
20.8929613085 0.120443
21.0862814993 0.120342
21.2813904598 0.120239
21.4783047413 0.12015
21.6770410482 0.120085
21.8776162395 0.120044
22.0800473302 0.120017
22.2843514927 0.119994
22.4905460584 0.119978
22.6986485188 0.119966
22.9086765277 0.119953
23.1206479018 0.119929
23.3345806228 0.119888
23.550492839 0.11983
23.7684028662 0.119759
23.9883291902 0.119677
24.2102904674 0.119587
24.4343055269 0.119499
24.6603933723 0.119419
24.8885731828 0.119349
25.1188643151 0.119295
25.351286305 0.119263
25.5858588691 0.119246
25.8226019063 0.119237
26.0615355 0.119242
26.302679919 0.119256
26.5460556198 0.119265
26.7916832482 0.119274
27.0395836411 0.119284
27.2897778281 0.119277
27.5422870334 0.119256
27.7971326776 0.119233
28.0543363795 0.1192
28.313919958 0.119157
28.5759054337 0.119116
28.8403150313 0.119079
29.1071711807 0.119042
29.3764965196 0.119001
29.6483138952 0.11896
29.9226463661 0.118923
30.199517204 0.118886
30.4789498963 0.118845
30.7609681474 0.118803
31.0455958813 0.118758
31.3328572432 0.118714
31.6227766017 0.11867
31.915378551 0.118629
32.2106879128 0.118594
32.5087297385 0.11856
32.8095293113 0.118527
33.1131121483 0.118502
33.4195040026 0.118477
33.7287308659 0.11845
34.0408189701 0.118425
34.35579479 0.118399
34.6736850453 0.118374
34.9945167028 0.118354
35.3183169792 0.118341
35.6451133426 0.118332
35.9749335156 0.118332
36.307805477 0.118346
36.6437574648 0.118376
36.982817978 0.118413
37.3250157796 0.118454
37.6703798984 0.118493
38.0189396321 0.118528
38.3707245492 0.118555
38.7257644922 0.118572
39.0840895792 0.118577
39.4457302075 0.11857
39.8107170553 0.118553
40.1790810849 0.11853
40.5508535448 0.118501
40.926065973 0.118472
41.304750199 0.118445
41.686938347 0.118421
42.0726628384 0.1184
42.4619563946 0.118383
42.8548520397 0.11837
43.2513831035 0.11836
43.651583224 0.118344
44.0554863507 0.118325
44.4631267469 0.118305
44.8745389933 0.118284
45.2897579904 0.11826
45.7088189615 0.118235
46.131757456 0.11821
46.5586093523 0.118189
46.9894108605 0.118171
47.424198526 0.118155
47.8630092323 0.11814
48.305880204 0.118129
48.7528490103 0.11812
49.2039535681 0.11811
49.659232145 0.118101
50.1187233627 0.118095
50.5824662003 0.118091
51.0504999975 0.118086
51.5228644582 0.118079
51.9995996534 0.118074
52.480746025 0.118071
52.9663443892 0.118069
53.4564359397 0.118071
53.9510622515 0.118076
54.4502652842 0.118079
54.9540873858 0.118086
55.4625712958 0.118097
55.9757601495 0.118106
56.4936974812 0.118111
57.0164272281 0.118114
57.5439937337 0.118117
58.0764417521 0.118114
58.6138164514 0.118106
59.1561634175 0.118091
59.7035286584 0.11807
60.2559586074 0.118044
60.8135001279 0.118017
61.3762005165 0.117988
61.9441075077 0.117957
62.5172692776 0.117929
63.095734448 0.117905
63.6795520908 0.117887
64.2687717317 0.117876
64.8634433548 0.117868
65.4636174067 0.117866
66.0693448008 0.117868
66.6806769214 0.117874
67.2976656284 0.117881
67.9203632617 0.117888
68.5488226453 0.117892
69.1830970919 0.117893
69.8232404077 0.117891
70.4693068967 0.117885
71.1213513653 0.117876
71.7794291271 0.117863
72.4435960075 0.117848
73.1139083483 0.117831
73.7904230129 0.117813
74.4731973906 0.117794
75.1622894018 0.117774
75.8577575029 0.117753
76.5596606911 0.117731
77.2680585096 0.117711
77.9830110523 0.117694
78.7045789695 0.117679
79.4328234724 0.117667
80.1678063388 0.117662
80.9095899178 0.117661
81.6582371359 0.117668
82.4138115013 0.117683
83.1763771103 0.117706
83.9459986519 0.117735
84.7227414141 0.117769
85.5066712885 0.117806
86.2978547767 0.117848
87.0963589956 0.117892
87.9022516831 0.117936
88.7156012038 0.117981
89.536476555 0.118025
90.3649473722 0.118065
91.2010839356 0.1181
92.0449571753 0.118127
92.896638678 0.118144
93.7562006926 0.118149
94.6237161366 0.118144
95.4992586021 0.118131
96.3829023624 0.118112
97.2747223777 0.118088
98.174794302 0.118062
99.0831944893 0.118035
100.0 0.118011
100.925288608 0.117993
101.859138805 0.117979
102.801629813 0.117972
103.752841582 0.117971
104.712854805 0.11797
105.681750921 0.117975
106.659612123 0.117986
107.646521363 0.117996
108.642562362 0.118008
109.647819614 0.118025
110.662378398 0.118036
111.686324778 0.118041
112.719745618 0.118049
113.762728582 0.118059
114.81536215 0.118065
115.877735616 0.118065
116.949939102 0.118055
118.032063565 0.118035
119.124200803 0.118013
120.226443462 0.117994
121.338885046 0.117975
122.461619927 0.117954
123.594743344 0.117936
124.738351424 0.117926
125.892541179 0.117924
127.057410521 0.117927
128.233058266 0.117942
129.419584145 0.117965
130.617088813 0.117987
131.825673856 0.118007
133.045441798 0.118024
134.276496114 0.11804
135.518941235 0.118051
136.77288256 0.118053
138.03842646 0.11805
139.315680295 0.118043
140.604752413 0.118034
141.905752169 0.118024
143.218789927 0.118015
144.543977075 0.118008
145.881426028 0.118008
147.231250243 0.118014
148.593564229 0.118022
149.96848355 0.118023
151.356124844 0.118022
152.756605824 0.118032
154.170045295 0.118045
155.596563161 0.118048
157.036280433 0.118052
158.489319246 0.118057
159.955802861 0.118059
161.435855683 0.11806
162.929603264 0.11806
164.437172321 0.118056
165.958690744 0.118055
167.494287603 0.118058
169.044093164 0.118056
170.6082389 0.118053
172.186857499 0.118053
173.780082875 0.118054
175.388050184 0.118056
177.010895832 0.118058
178.648757485 0.118062
180.301774086 0.118068
181.970085861 0.118073
183.653834335 0.118104
185.353162341 0.118132
187.068214037 0.118031
188.79913491 0.118158
190.546071796 0.118534
192.309172891 0.117207
194.088587759 0.117671
195.884467351 0.123774
197.696964011 0.0248993
199.526231497 0.0977629
201.372424986 -79.2891
203.235701094 -185.231
205.116217883 -290.195
207.014134879 -394.197
208.929613085 -497.245
210.862814993 -599.349
212.813904598 -700.522
214.783047413 -800.762
216.770410482 -900.083
218.776162395 -998.494
220.800473302 -1096.01
222.843514927 -1192.62
224.905460584 -1288.35
226.986485188 -1383.2
229.086765277 -1477.18
231.206479018 -1570.31
233.345806228 -1662.57
235.50492839 -1753.99
237.684028662 -1844.57
239.883291902 -1934.33
242.102904674 -2023.26
244.343055269 -2111.37
246.603933723 -2198.68
248.885731828 -2285.18
251.188643151 -2370.9
253.51286305 -2455.83
255.858588691 -2539.97
258.226019063 -2623.35
260.615355 -2705.96
263.02679919 -2787.82
265.460556198 -2868.92
267.916832482 -2949.28
270.395836411 -3028.91
272.897778281 -3107.81
275.422870334 -3185.98
277.971326776 -3263.43
280.543363795 -3340.17
283.13919958 -3416.21
285.759054337 -3491.56
288.403150313 -3566.21
291.071711807 -3640.18
293.764965196 -3713.47
296.483138952 -3786.09
299.226463661 -3858.04
301.99517204 -3929.33
304.789498963 -3999.97
307.609681474 -4069.96
310.455958813 -4139.32
313.328572432 -4208.03
316.227766017 -4276.11
319.15378551 -4343.57
322.106879128 -4410.41
325.087297385 -4476.65
328.095293113 -4542.27
331.131121483 -4607.29
334.195040026 -4671.71
337.287308659 -4735.54
340.408189701 -4798.79
343.5579479 -4861.46
346.736850453 -4923.55
349.945167028 -4985.08
353.183169792 -5046.04
356.451133426 -5106.44
359.749335156 -5166.29
363.07805477 -5225.58
366.437574648 -5284.34
369.82817978 -5342.56
373.250157796 -5400.24
376.703798984 -5457.39
380.189396321 -5514.02
383.707245492 -5570.14
387.257644922 -5625.73
390.840895792 -5680.82
394.457302075 -5735.4
398.107170553 -5789.48
401.790810849 -5843.07
405.508535448 -5896.16
409.26065973 -5948.77
413.04750199 -6000.89
416.86938347 -6052.54
420.726628384 -6103.71
424.619563946 -6154.42
428.548520397 -6204.66
432.513831035 -6254.44
436.51583224 -6303.76
440.554863507 -6352.63
444.631267469 -6401.05
448.745389933 -6449.03
452.897579904 -6496.57
457.088189615 -6543.67
461.31757456 -6590.34
465.586093523 -6636.59
469.894108605 -6682.4
474.24198526 -6727.81
478.630092323 -6772.79
483.05880204 -6817.36
487.528490103 -6861.52
492.039535681 -6905.27
496.59232145 -6948.63
501.187233627 -6991.59
505.824662003 -7034.15
510.504999975 -7076.33
515.228644582 -7118.11
519.995996534 -7159.52
524.80746025 -7200.55
529.663443892 -7241.19
534.564359397 -7281.47
539.510622515 -7321.38
544.502652842 -7360.92
549.540873858 -7400.1
554.625712958 -7438.91
559.757601495 -7477.38
564.936974812 -7515.49
570.164272281 -7553.25
575.439937337 -7590.67
580.764417521 -7627.74
586.138164514 -7664.47
591.561634175 -7700.87
597.035286584 -7736.93
602.559586074 -7772.66
608.135001279 -7808.06
613.762005165 -7843.14
619.441075077 -7877.9
625.172692776 -7912.34
630.95734448 -7946.46
636.795520908 -7980.27
642.687717317 -8013.77
648.634433548 -8046.96
654.636174067 -8079.85
660.693448008 -8112.44
666.806769214 -8144.73
672.976656284 -8176.72
679.203632617 -8208.42
685.488226453 -8239.83
691.830970919 -8270.95
698.232404077 -8301.78
704.693068967 -8332.34
711.213513653 -8362.61
717.794291271 -8392.6
724.435960075 -8422.32
731.139083483 -8451.77
737.904230129 -8480.95
744.731973906 -8509.86
751.622894018 -8538.5
758.577575029 -8566.88
765.596606911 -8595.01
772.680585096 -8622.87
779.830110523 -8650.48
787.045789695 -8677.83
794.328234724 -8704.94
801.678063388 -8731.8
809.095899178 -8758.41
816.582371359 -8784.77
824.138115013 -8810.9
831.763771103 -8836.78
839.459986519 -8862.43
847.227414141 -8887.84
855.066712885 -8913.02
862.978547767 -8937.97
870.963589956 -8962.69
879.022516831 -8987.18
887.156012038 -9011.45
895.36476555 -9035.5
903.649473722 -9059.32
912.010839356 -9082.93
920.449571753 -9106.32
928.96638678 -9129.5
937.562006926 -9152.46
946.237161366 -9175.22
954.992586021 -9197.76
963.829023624 -9220.1
972.747223777 -9242.23
981.74794302 -9264.16
990.831944893 -9285.89
1000.0 -9307.42
