0.1 0.0454132
0.100925288608 0.0456396
0.101859138805 0.045864
0.102801629813 0.0464877
0.103752841582 0.047174
0.104712854805 0.048198
0.105681750921 0.0493294
0.106659612123 0.0500835
0.107646521363 0.0506568
0.108642562362 0.0511777
0.109647819614 0.0516683
0.110662378398 0.0525251
0.111686324778 0.0535678
0.112719745618 0.054209
0.113762728582 0.0546766
0.11481536215 0.0555441
0.115877735616 0.0565187
0.116949939102 0.0576125
0.118032063565 0.0586809
0.119124200803 0.058837
0.120226443462 0.0590469
0.121338885046 0.059463
0.122461619927 0.0601422
0.123594743344 0.0611912
0.124738351424 0.0622226
0.125892541179 0.0632403
0.127057410521 0.0639348
0.128233058266 0.0645979
0.129419584145 0.065276
0.130617088813 0.0660811
0.131825673856 0.0670021
0.133045441798 0.0677115
0.134276496114 0.0683574
0.135518941235 0.0689159
0.13677288256 0.0696687
0.13803842646 0.0705464
0.139315680295 0.0716936
0.140604752413 0.0726719
0.141905752169 0.0734651
0.143218789927 0.0743021
0.144543977075 0.0751511
0.145881426028 0.076015
0.147231250243 0.0765746
0.148593564229 0.0771167
0.14996848355 0.0776728
0.151356124844 0.0783418
0.152756605824 0.0790789
0.154170045295 0.0799312
0.155596563161 0.08121
0.157036280433 0.082263
0.158489319246 0.0828486
0.159955802861 0.0827017
0.161435855683 0.08293
0.162929603264 0.0837087
0.164437172321 0.0848322
0.165958690744 0.0860131
0.167494287603 0.0870365
0.169044093164 0.0879462
0.1706082389 0.0887809
0.172186857499 0.089569
0.173780082875 0.0902801
0.175388050184 0.0908306
0.177010895832 0.0913615
0.178648757485 0.0919622
0.180301774086 0.0926511
0.181970085861 0.0932889
0.183653834335 0.093919
0.185353162341 0.0949719
0.187068214037 0.0962354
0.18879913491 0.0971311
0.190546071796 0.0973857
0.192309172891 0.0974622
0.194088587759 0.0982099
0.195884467351 0.0994288
0.197696964011 0.100297
0.199526231497 0.100862
0.201372424986 0.101388
0.203235701094 0.102023
0.205116217883 0.10282
0.207014134879 0.103672
0.208929613085 0.104373
0.210862814993 0.104876
0.212813904598 0.105367
0.214783047413 0.105975
0.216770410482 0.10659
0.218776162395 0.107096
0.220800473302 0.107564
0.222843514927 0.108106
0.224905460584 0.108675
0.226986485188 0.109181
0.229086765277 0.109756
0.231206479018 0.110644
0.233345806228 0.111725
0.23550492839 0.112548
0.237684028662 0.112939
0.239883291902 0.113119
0.242102904674 0.113391
0.244343055269 0.114025
0.246603933723 0.115069
0.248885731828 0.116167
0.251188643151 0.117003
0.25351286305 0.117653
0.255858588691 0.118338
0.258226019063 0.118966
0.260615355 0.11929
0.26302679919 0.119417
0.265460556198 0.119674
0.267916832482 0.120175
0.270395836411 0.120787
0.272897778281 0.121363
0.275422870334 0.121868
0.277971326776 0.122302
0.280543363795 0.122733
0.28313919958 0.12324
0.285759054337 0.123867
0.288403150313 0.124604
0.291071711807 0.125106
0.293764965196 0.125051
0.296483138952 0.124783
0.299226463661 0.125128
0.30199517204 0.126159
0.304789498963 0.127304
0.307609681474 0.128218
0.310455958813 0.129053
0.313328572432 0.129888
0.316227766017 0.13051
0.31915378551 0.130744
0.322106879128 0.130857
0.325087297385 0.13117
0.328095293113 0.131781
0.331131121483 0.132727
0.334195040026 0.133576
0.337287308659 0.133759
0.340408189701 0.133704
0.3435579479 0.134457
0.346736850453 0.136028
0.349945167028 0.137195
0.353183169792 0.137295
0.356451133426 0.137445
0.359749335156 0.138284
0.36307805477 0.139205
0.366437574648 0.139684
0.36982817978 0.140141
0.373250157796 0.141264
0.376703798984 0.142604
0.380189396321 0.143465
0.383707245492 0.143868
0.387257644922 0.144464
0.390840895792 0.145386
0.394457302075 0.146373
0.398107170553 0.147259
0.401790810849 0.148095
0.405508535448 0.148931
0.40926065973 0.149729
0.41304750199 0.150512
0.41686938347 0.151435
0.420726628384 0.15262
0.424619563946 0.153895
0.428548520397 0.154935
0.432513831035 0.155735
0.43651583224 0.156584
0.440554863507 0.15745
0.444631267469 0.157968
0.448745389933 0.158261
0.452897579904 0.158994
0.457088189615 0.160414
0.46131757456 0.162042
0.465586093523 0.163473
0.469894108605 0.164783
0.47424198526 0.166054
0.478630092323 0.167014
0.48305880204 0.167449
0.487528490103 0.167668
0.492039535681 0.16818
0.49659232145 0.169118
0.501187233627 0.170296
0.505824662003 0.171538
0.510504999975 0.172689
0.515228644582 0.173704
0.519995996534 0.17465
0.52480746025 0.175608
0.529663443892 0.176651
0.534564359397 0.177807
0.539510622515 0.178978
0.544502652842 0.180115
0.549540873858 0.181206
0.554625712958 0.182182
0.559757601495 0.183111
0.564936974812 0.184095
0.570164272281 0.185188
0.575439937337 0.186459
0.580764417521 0.187834
0.586138164514 0.189171
0.591561634175 0.190365
0.597035286584 0.191408
0.602559586074 0.192316
0.608135001279 0.193094
0.613762005165 0.193843
0.619441075077 0.194763
0.625172692776 0.195986
0.63095734448 0.197297
0.636795520908 0.198311
0.642687717317 0.199022
0.648634433548 0.199735
0.654636174067 0.200619
0.660693448008 0.201689
0.666806769214 0.202841
0.672976656284 0.203965
0.679203632617 0.205193
0.685488226453 0.206475
0.691830970919 0.207578
0.698232404077 0.208605
0.704693068967 0.209727
0.711213513653 0.210917
0.717794291271 0.212069
0.724435960075 0.213121
0.731139083483 0.214155
0.737904230129 0.215184
0.744731973906 0.216133
0.751622894018 0.217137
0.758577575029 0.218186
0.765596606911 0.219126
0.772680585096 0.220336
0.779830110523 0.22208
0.787045789695 0.223658
0.794328234724 0.224547
0.801678063388 0.225228
0.809095899178 0.226151
0.816582371359 0.227251
0.824138115013 0.228421
0.831763771103 0.229654
0.839459986519 0.230982
0.847227414141 0.232267
0.855066712885 0.233283
0.862978547767 0.234129
0.870963589956 0.235272
0.879022516831 0.236836
0.887156012038 0.238098
0.89536476555 0.238659
0.903649473722 0.239262
0.912010839356 0.240523
0.920449571753 0.242055
0.92896638678 0.24326
0.937562006926 0.244188
0.946237161366 0.245321
0.954992586021 0.246683
0.963829023624 0.247921
0.972747223777 0.248955
0.98174794302 0.249976
0.990831944893 0.251146
1.0 0.252344
1.00925288608 0.253329
1.01859138805 0.254362
1.02801629813 0.255807
1.03752841582 0.257357
1.04712854805 0.258525
1.05681750921 0.259334
1.06659612123 0.260189
1.07646521363 0.261228
1.08642562362 0.2621
1.09647819614 0.262785
1.10662378398 0.26371
1.11686324778 0.265009
1.12719745618 0.266414
1.13762728582 0.267752
1.1481536215 0.26899
1.15877735616 0.270064
1.16949939102 0.271008
1.18032063565 0.271964
1.19124200803 0.273085
1.20226443462 0.274254
1.21338885046 0.275306
1.22461619927 0.276252
1.23594743344 0.277177
1.24738351424 0.27822
1.25892541179 0.279364
1.27057410521 0.280341
1.28233058266 0.280983
1.29419584145 0.281708
1.30617088813 0.282858
1.31825673856 0.284034
1.33045441798 0.284929
1.34276496114 0.285743
1.35518941235 0.286593
1.3677288256 0.287456
1.3803842646 0.2883
1.39315680295 0.289134
1.40604752413 0.290105
1.41905752169 0.291274
1.43218789927 0.292303
1.44543977075 0.292932
1.45881426028 0.293529
1.47231250243 0.29435
1.48593564229 0.295242
1.4996848355 0.296126
1.51356124844 0.296951
1.52756605824 0.297537
1.54170045295 0.298055
1.55596563161 0.298817
1.57036280433 0.299639
1.58489319246 0.300303
1.59955802861 0.300886
1.61435855683 0.301396
1.62929603264 0.30185
1.64437172321 0.302443
1.65958690744 0.303158
1.67494287603 0.303854
1.69044093164 0.304543
1.706082389 0.305128
1.72186857499 0.305469
1.73780082875 0.305868
1.75388050184 0.306642
1.77010895832 0.307493
1.78648757485 0.30803
1.80301774086 0.308329
1.81970085861 0.308729
1.83653834335 0.309307
1.85353162341 0.309873
1.87068214037 0.31049
1.8879913491 0.311116
1.90546071796 0.311443
1.92309172891 0.311687
1.94088587759 0.312151
1.95884467351 0.312552
1.97696964011 0.312621
1.99526231497 0.312579
2.01372424986 0.31276
2.03235701094 0.313179
2.05116217883 0.313652
2.07014134879 0.314008
2.08929613085 0.314237
2.10862814993 0.314489
2.12813904598 0.314761
2.14783047413 0.314983
2.16770410482 0.315219
2.18776162395 0.315496
2.20800473302 0.315759
2.22843514927 0.316012
2.24905460584 0.316265
2.26986485188 0.316502
2.29086765277 0.316693
2.31206479018 0.316811
2.33345806228 0.316928
2.3550492839 0.317081
2.37684028662 0.317208
2.39883291902 0.317285
2.42102904674 0.31735
2.44343055269 0.317489
2.46603933723 0.317682
2.48885731828 0.317839
2.51188643151 0.317954
2.5351286305 0.318069
2.55858588691 0.318224
2.58226019063 0.31839
2.60615355 0.318537
2.6302679919 0.318695
2.65460556198 0.318862
2.67916832482 0.319014
2.70395836411 0.319202
2.72897778281 0.319409
2.75422870334 0.319514
2.77971326776 0.319577
2.80543363795 0.319687
2.8313919958 0.31978
2.85759054337 0.319834
2.88403150313 0.319874
2.91071711807 0.319894
2.93764965196 0.319898
2.96483138952 0.319899
2.99226463661 0.319896
3.0199517204 0.319861
3.04789498963 0.319714
3.07609681474 0.319514
3.10455958813 0.319381
3.13328572432 0.319271
3.16227766017 0.319153
3.1915378551 0.319055
3.22106879128 0.318982
3.25087297385 0.31894
3.28095293113 0.318977
3.31131121483 0.319056
3.34195040026 0.319105
3.37287308659 0.319185
3.40408189701 0.319297
3.435579479 0.319336
3.46736850453 0.319321
3.49945167028 0.319283
3.53183169792 0.319202
3.56451133426 0.319084
3.59749335156 0.318938
3.6307805477 0.318769
3.66437574648 0.318605
3.6982817978 0.318477
3.73250157796 0.318344
3.76703798984 0.318208
3.80189396321 0.318182
3.83707245492 0.318253
3.87257644922 0.318349
3.90840895792 0.318439
3.94457302075 0.318516
3.98107170553 0.318603
4.01790810849 0.318698
4.05508535448 0.318778
4.0926065973 0.318854
4.1304750199 0.318894
4.1686938347 0.318852
4.20726628384 0.318756
4.24619563946 0.318622
4.28548520397 0.318447
4.32513831035 0.318249
4.3651583224 0.318022
4.40554863507 0.317712
4.44631267469 0.317333
4.48745389933 0.316944
4.52897579904 0.316594
4.57088189615 0.316296
4.6131757456 0.316037
4.65586093523 0.31584
4.69894108605 0.315738
4.7424198526 0.315738
4.78630092323 0.315779
4.8305880204 0.315819
4.87528490103 0.315937
4.92039535681 0.316108
4.9659232145 0.316234
5.01187233627 0.316349
5.05824662003 0.316461
5.10504999975 0.316502
5.15228644582 0.31648
5.19995996534 0.316424
5.2480746025 0.316327
5.29663443892 0.316183
5.34564359397 0.315976
5.39510622515 0.315714
5.44502652842 0.315399
5.49540873858 0.315031
5.54625712958 0.314649
5.59757601495 0.314289
5.64936974812 0.313967
5.70164272281 0.313679
5.75439937337 0.313432
5.80764417521 0.313304
5.86138164514 0.313318
5.91561634175 0.313392
5.97035286584 0.313507
6.02559586074 0.313671
6.08135001279 0.313866
6.13762005165 0.314058
6.19441075077 0.314201
6.25172692776 0.31427
6.3095734448 0.314234
6.36795520908 0.314078
6.42687717317 0.313853
6.48634433548 0.31361
6.54636174067 0.313346
6.60693448008 0.313067
6.66806769214 0.3128
6.72976656284 0.312579
6.79203632617 0.312433
6.85488226453 0.312344
6.91830970919 0.312293
6.98232404077 0.312271
7.04693068967 0.312271
7.11213513653 0.312267
7.17794291271 0.312223
7.24435960075 0.312107
7.31139083483 0.31191
7.37904230129 0.311666
7.44731973906 0.311387
7.51622894018 0.311078
7.58577575029 0.310767
7.65596606911 0.310477
7.72680585096 0.310255
7.79830110523 0.310159
7.87045789695 0.310198
7.94328234724 0.310342
8.01678063388 0.310559
8.09095899178 0.310813
8.16582371359 0.311082
8.24138115013 0.311363
8.31763771103 0.311643
8.39459986519 0.311823
8.47227414141 0.31187
8.55066712885 0.311841
8.62978547767 0.311735
8.70963589956 0.311546
8.79022516831 0.311298
8.87156012038 0.310994
8.9536476555 0.310637
9.03649473722 0.310279
9.12010839356 0.309949
9.20449571753 0.309637
9.2896638678 0.309344
9.37562006926 0.309075
9.46237161366 0.308839
9.54992586021 0.308645
9.63829023624 0.308504
9.72747223777 0.30842
9.8174794302 0.308394
9.90831944893 0.308413
10.0 0.308467
10.0925288608 0.308544
10.1859138805 0.308634
10.2801629813 0.308696
10.3752841582 0.308679
10.4712854805 0.308581
10.5681750921 0.308434
10.6659612123 0.308258
10.7646521363 0.30804
10.8642562362 0.3078
10.9647819614 0.307608
11.0662378398 0.30749
11.1686324778 0.307437
11.2719745618 0.307455
11.3762728582 0.307563
11.481536215 0.307761
11.5877735616 0.308028
11.6949939102 0.308337
11.8032063565 0.308656
11.9124200803 0.308953
12.0226443462 0.309208
12.1338885046 0.309391
12.2461619927 0.309499
12.3594743344 0.309535
12.4738351424 0.30949
12.5892541179 0.309375
12.7057410521 0.309214
12.8233058266 0.309042
12.9419584145 0.30887
13.0617088813 0.30867
13.1825673856 0.308449
13.3045441798 0.308228
13.4276496114 0.308033
13.5518941235 0.307879
13.677288256 0.307734
13.803842646 0.307613
13.9315680295 0.30755
14.0604752413 0.307563
14.1905752169 0.307618
14.3218789927 0.307687
14.4543977075 0.307783
14.5881426028 0.30789
14.7231250243 0.307974
14.8593564229 0.308033
14.996848355 0.308084
15.1356124844 0.308116
15.2756605824 0.308103
15.4170045295 0.308035
15.5596563161 0.307944
15.7036280433 0.307833
15.8489319246 0.307694
15.9955802861 0.307545
16.1435855683 0.307404
16.2929603264 0.307273
16.4437172321 0.307161
16.5958690744 0.307064
16.7494287603 0.306974
16.9044093164 0.306886
17.06082389 0.3068
17.2186857499 0.306719
17.3780082875 0.306629
17.5388050184 0.306525
17.7010895832 0.306422
17.8648757485 0.306332
18.0301774086 0.306268
18.1970085861 0.306245
18.3653834335 0.306274
18.5353162341 0.306348
18.7068214037 0.306473
18.879913491 0.306661
19.0546071796 0.306927
19.2309172891 0.307245
19.4088587759 0.307559
19.5884467351 0.307853
19.7696964011 0.308115
19.9526231497 0.308319
20.1372424986 0.308456
20.3235701094 0.30852
20.5116217883 0.308502
20.7014134879 0.308419
20.8929613085 0.308305
21.0862814993 0.308177
21.2813904598 0.308041
21.4783047413 0.307916
21.6770410482 0.307831
21.8776162395 0.307803
22.0800473302 0.307816
22.2843514927 0.307835
22.4905460584 0.307868
22.6986485188 0.307913
22.9086765277 0.307954
23.1206479018 0.307984
23.3345806228 0.307998
23.550492839 0.307975
23.7684028662 0.30791
23.9883291902 0.30783
24.2102904674 0.307748
24.4343055269 0.307662
24.6603933723 0.307593
24.8885731828 0.307556
25.1188643151 0.307551
25.351286305 0.3076
25.5858588691 0.307695
25.8226019063 0.307808
26.0615355 0.307955
26.302679919 0.308134
26.5460556198 0.308302
26.7916832482 0.308451
27.0395836411 0.308575
27.2897778281 0.308647
27.5422870334 0.308679
27.7971326776 0.308693
28.0543363795 0.308682
28.313919958 0.30865
28.5759054337 0.308616
28.8403150313 0.308593
29.1071711807 0.308593
29.3764965196 0.30861
29.6483138952 0.308635
29.9226463661 0.308654
30.199517204 0.308668
30.4789498963 0.30868
30.7609681474 0.308676
31.0455958813 0.30866
31.3328572432 0.308644
31.6227766017 0.308611
31.915378551 0.30857
32.2106879128 0.308545
32.5087297385 0.308534
32.8095293113 0.308544
33.1131121483 0.308594
33.4195040026 0.308683
33.7287308659 0.308811
34.0408189701 0.308983
34.35579479 0.309198
34.6736850453 0.309437
34.9945167028 0.309681
35.3183169792 0.309922
35.6451133426 0.310156
35.9749335156 0.310362
36.307805477 0.310527
36.6437574648 0.310658
36.982817978 0.310751
37.3250157796 0.310807
37.6703798984 0.310837
38.0189396321 0.310845
38.3707245492 0.31083
38.7257644922 0.310816
39.0840895792 0.310817
39.4457302075 0.310829
39.8107170553 0.310856
40.1790810849 0.310903
40.5508535448 0.31096
40.926065973 0.311024
41.304750199 0.311097
41.686938347 0.311176
42.0726628384 0.311251
42.4619563946 0.311315
42.8548520397 0.311377
43.2513831035 0.311439
43.651583224 0.311483
44.0554863507 0.31151
44.4631267469 0.311527
44.8745389933 0.311538
45.2897579904 0.311546
45.7088189615 0.311557
46.131757456 0.311572
46.5586093523 0.311595
46.9894108605 0.311624
47.424198526 0.311668
47.8630092323 0.311729
48.305880204 0.311796
48.7528490103 0.311858
49.2039535681 0.311914
49.659232145 0.311971
50.1187233627 0.312027
50.5824662003 0.312072
51.0504999975 0.312113
51.5228644582 0.312156
51.9995996534 0.312209
52.480746025 0.31227
52.9663443892 0.312339
53.4564359397 0.312429
53.9510622515 0.312539
54.4502652842 0.312661
54.9540873858 0.312794
55.4625712958 0.312936
55.9757601495 0.313074
56.4936974812 0.313207
57.0164272281 0.313329
57.5439937337 0.313428
58.0764417521 0.313505
58.6138164514 0.313565
59.1561634175 0.313606
59.7035286584 0.313623
60.2559586074 0.313627
60.8135001279 0.313624
61.3762005165 0.313619
61.9441075077 0.313614
62.5172692776 0.313614
63.095734448 0.313631
63.6795520908 0.313664
64.2687717317 0.313712
64.8634433548 0.313774
65.4636174067 0.313849
66.0693448008 0.313933
66.6806769214 0.314023
67.2976656284 0.314114
67.9203632617 0.314202
68.5488226453 0.314288
69.1830970919 0.314367
69.8232404077 0.314433
70.4693068967 0.314491
71.1213513653 0.314545
71.7794291271 0.314591
72.4435960075 0.314632
73.1139083483 0.314671
73.7904230129 0.314709
74.4731973906 0.314744
75.1622894018 0.314778
75.8577575029 0.314809
76.5596606911 0.31484
77.2680585096 0.314878
77.9830110523 0.314923
78.7045789695 0.314973
79.4328234724 0.315034
80.1678063388 0.315106
80.9095899178 0.315182
81.6582371359 0.315263
82.4138115013 0.315359
83.1763771103 0.315468
83.9459986519 0.315586
84.7227414141 0.315714
85.5066712885 0.315856
86.2978547767 0.316014
87.0963589956 0.316188
87.9022516831 0.316375
88.7156012038 0.316571
89.536476555 0.316771
90.3649473722 0.31697
91.2010839356 0.317161
92.0449571753 0.317335
92.896638678 0.317481
93.7562006926 0.31759
94.6237161366 0.317667
95.4992586021 0.317712
96.3829023624 0.317732
97.2747223777 0.317738
98.174794302 0.317738
99.0831944893 0.317735
100.0 0.317736
100.925288608 0.317748
101.859138805 0.317785
102.801629813 0.317839
103.752841582 0.317905
104.712854805 0.317993
105.681750921 0.318081
106.659612123 0.318152
107.646521363 0.318233
108.642562362 0.318321
109.647819614 0.318413
110.662378398 0.318513
111.686324778 0.318607
112.719745618 0.318671
113.762728582 0.318733
114.81536215 0.318794
115.877735616 0.318826
116.949939102 0.318847
118.032063565 0.318875
119.124200803 0.318889
120.226443462 0.318897
121.338885046 0.318924
122.461619927 0.318973
123.594743344 0.319035
124.738351424 0.319095
125.892541179 0.319179
127.057410521 0.319298
128.233058266 0.319434
129.419584145 0.319571
130.617088813 0.319687
131.825673856 0.319788
133.045441798 0.319881
134.276496114 0.319967
135.518941235 0.320036
136.77288256 0.320094
138.03842646 0.320143
139.315680295 0.320183
140.604752413 0.320219
141.905752169 0.320266
143.218789927 0.320313
144.543977075 0.320348
145.881426028 0.320388
147.231250243 0.320442
148.593564229 0.320502
149.96848355 0.320578
151.356124844 0.320664
152.756605824 0.320754
154.170045295 0.320844
155.596563161 0.320932
157.036280433 0.321008
158.489319246 0.321073
159.955802861 0.321132
161.435855683 0.321181
162.929603264 0.321226
164.437172321 0.321278
165.958690744 0.321335
167.494287603 0.321399
169.044093164 0.32146
170.6082389 0.321526
172.186857499 0.321605
173.780082875 0.321705
175.388050184 0.32181
177.010895832 0.321889
178.648757485 0.321975
180.301774086 0.322077
181.970085861 0.322133
183.653834335 0.322229
185.353162341 0.322328
187.068214037 0.322118
188.79913491 0.322473
190.546071796 0.323455
192.309172891 0.3202
194.088587759 0.321427
195.884467351 0.336423
197.696964011 0.0903201
199.526231497 0.26353
201.372424986 -216.726
203.235701094 -506.302
205.116217883 -793.207
207.014134879 -1077.48
208.929613085 -1359.15
210.862814993 -1638.24
212.813904598 -1914.78
214.783047413 -2188.77
216.770410482 -2460.25
218.776162395 -2729.24
220.800473302 -2995.78
222.843514927 -3259.86
224.905460584 -3521.52
226.986485188 -3780.79
229.086765277 -4037.67
231.206479018 -4292.22
233.345806228 -4544.41
235.50492839 -4794.29
237.684028662 -5041.89
239.883291902 -5287.22
242.102904674 -5530.3
244.343055269 -5771.14
246.603933723 -6009.78
248.885731828 -6246.23
251.188643151 -6480.53
253.51286305 -6712.66
255.858588691 -6942.66
258.226019063 -7170.56
260.615355 -7396.37
263.02679919 -7620.12
265.460556198 -7841.8
267.916832482 -8061.46
270.395836411 -8279.1
272.897778281 -8494.75
275.422870334 -8708.42
277.971326776 -8920.13
280.543363795 -9129.9
283.13919958 -9337.74
285.759054337 -9543.69
288.403150313 -9747.74
291.071711807 -9949.92
293.764965196 -10150.2
296.483138952 -10348.7
299.226463661 -10545.4
301.99517204 -10740.3
304.789498963 -10933.4
307.609681474 -11124.7
310.455958813 -11314.2
313.328572432 -11502.1
316.227766017 -11688.2
319.15378551 -11872.5
322.106879128 -12055.2
325.087297385 -12236.3
328.095293113 -12415.6
331.131121483 -12593.4
334.195040026 -12769.5
337.287308659 -12943.9
340.408189701 -13116.8
343.5579479 -13288.1
346.736850453 -13457.8
349.945167028 -13626
353.183169792 -13792.6
356.451133426 -13957.7
359.749335156 -14121.3
363.07805477 -14283.4
366.437574648 -14444
369.82817978 -14603.1
373.250157796 -14760.8
376.703798984 -14917
380.189396321 -15071.8
383.707245492 -15225.2
387.257644922 -15377.1
390.840895792 -15527.7
394.457302075 -15676.9
398.107170553 -15824.7
401.790810849 -15971.2
405.508535448 -16116.3
409.26065973 -16260.1
413.04750199 -16402.6
416.86938347 -16543.8
420.726628384 -16683.6
424.619563946 -16822.2
428.548520397 -16959.6
432.513831035 -17095.6
436.51583224 -17230.4
440.554863507 -17364
444.631267469 -17496.4
448.745389933 -17627.5
452.897579904 -17757.5
457.088189615 -17886.2
461.31757456 -18013.8
465.586093523 -18140.2
469.894108605 -18265.4
474.24198526 -18389.5
478.630092323 -18512.5
483.05880204 -18634.3
487.528490103 -18755
492.039535681 -18874.6
496.59232145 -18993.1
501.187233627 -19110.5
505.824662003 -19226.9
510.504999975 -19342.2
515.228644582 -19456.4
519.995996534 -19569.5
524.80746025 -19681.7
529.663443892 -19792.8
534.564359397 -19902.9
539.510622515 -20012
544.502652842 -20120
549.540873858 -20227.1
554.625712958 -20333.2
559.757601495 -20438.4
564.936974812 -20542.5
570.164272281 -20645.8
575.439937337 -20748
580.764417521 -20849.4
586.138164514 -20949.8
591.561634175 -21049.2
597.035286584 -21147.8
602.559586074 -21245.5
608.135001279 -21342.2
613.762005165 -21438.1
619.441075077 -21533.1
625.172692776 -21627.3
630.95734448 -21720.5
636.795520908 -21812.9
642.687717317 -21904.5
648.634433548 -21995.2
654.636174067 -22085.1
660.693448008 -22174.2
666.806769214 -22262.5
672.976656284 -22349.9
679.203632617 -22436.6
685.488226453 -22522.4
691.830970919 -22607.5
698.232404077 -22691.8
704.693068967 -22775.3
711.213513653 -22858
717.794291271 -22940
724.435960075 -23021.2
731.139083483 -23101.7
737.904230129 -23181.5
744.731973906 -23260.5
751.622894018 -23338.8
758.577575029 -23416.4
765.596606911 -23493.2
772.680585096 -23569.4
779.830110523 -23644.9
787.045789695 -23719.6
794.328234724 -23793.7
801.678063388 -23867.1
809.095899178 -23939.9
816.582371359 -24011.9
824.138115013 -24083.3
831.763771103 -24154.1
839.459986519 -24224.2
847.227414141 -24293.7
855.066712885 -24362.5
862.978547767 -24430.7
870.963589956 -24498.3
879.022516831 -24565.2
887.156012038 -24631.5
895.36476555 -24697.3
903.649473722 -24762.4
912.010839356 -24826.9
920.449571753 -24890.9
928.96638678 -24954.2
937.562006926 -25017
946.237161366 -25079.2
954.992586021 -25140.8
963.829023624 -25201.8
972.747223777 -25262.3
981.74794302 -25322.3
990.831944893 -25381.7
1000.0 -25440.5
