0.1 0.145598
0.100925288608 0.14768
0.101859138805 0.149744
0.102801629813 0.152278
0.103752841582 0.154872
0.104712854805 0.157896
0.105681750921 0.161046
0.106659612123 0.163868
0.107646521363 0.166521
0.108642562362 0.169847
0.109647819614 0.17352
0.110662378398 0.176271
0.111686324778 0.178535
0.112719745618 0.181403
0.113762728582 0.184513
0.11481536215 0.188251
0.115877735616 0.19214
0.116949939102 0.195359
0.118032063565 0.19848
0.119124200803 0.201858
0.120226443462 0.20529
0.121338885046 0.209011
0.122461619927 0.211991
0.123594743344 0.213946
0.124738351424 0.217592
0.125892541179 0.222128
0.127057410521 0.227646
0.128233058266 0.232789
0.129419584145 0.236216
0.130617088813 0.238946
0.131825673856 0.241035
0.133045441798 0.245219
0.134276496114 0.249639
0.135518941235 0.253796
0.13677288256 0.256954
0.13803842646 0.259504
0.139315680295 0.262245
0.140604752413 0.266246
0.141905752169 0.27164
0.143218789927 0.278238
0.144543977075 0.284363
0.145881426028 0.28972
0.147231250243 0.293011
0.148593564229 0.296566
0.14996848355 0.300698
0.151356124844 0.30709
0.152756605824 0.313686
0.154170045295 0.319897
0.155596563161 0.322466
0.157036280433 0.325161
0.158489319246 0.329925
0.159955802861 0.338583
0.161435855683 0.345379
0.162929603264 0.349083
0.164437172321 0.350722
0.165958690744 0.351741
0.167494287603 0.354905
0.169044093164 0.360035
0.1706082389 0.366004
0.172186857499 0.371807
0.173780082875 0.377168
0.175388050184 0.383605
0.177010895832 0.390724
0.178648757485 0.397939
0.180301774086 0.404414
0.181970085861 0.40904
0.183653834335 0.411435
0.185353162341 0.414146
0.187068214037 0.418322
0.18879913491 0.42455
0.190546071796 0.432318
0.192309172891 0.439824
0.194088587759 0.444729
0.195884467351 0.447255
0.197696964011 0.44953
0.199526231497 0.453078
0.201372424986 0.458909
0.203235701094 0.466388
0.205116217883 0.474101
0.207014134879 0.481312
0.208929613085 0.488044
0.210862814993 0.494124
0.212813904598 0.498899
0.214783047413 0.502312
0.216770410482 0.505625
0.218776162395 0.510381
0.220800473302 0.517516
0.222843514927 0.526557
0.224905460584 0.534137
0.226986485188 0.53667
0.229086765277 0.53644
0.231206479018 0.539635
0.233345806228 0.547749
0.23550492839 0.557593
0.237684028662 0.566181
0.239883291902 0.571775
0.242102904674 0.574375
0.244343055269 0.577391
0.246603933723 0.582867
0.248885731828 0.588684
0.251188643151 0.592779
0.25351286305 0.596092
0.255858588691 0.600767
0.258226019063 0.60727
0.260615355 0.614478
0.26302679919 0.620433
0.265460556198 0.622969
0.267916832482 0.623207
0.270395836411 0.626742
0.272897778281 0.63512
0.275422870334 0.64397
0.277971326776 0.649929
0.280543363795 0.652579
0.28313919958 0.654108
0.285759054337 0.657568
0.288403150313 0.666076
0.291071711807 0.67565
0.293764965196 0.681013
0.296483138952 0.682912
0.299226463661 0.686819
0.30199517204 0.693045
0.304789498963 0.696803
0.307609681474 0.697623
0.310455958813 0.700071
0.313328572432 0.706237
0.316227766017 0.711756
0.31915378551 0.713264
0.322106879128 0.714832
0.325087297385 0.721151
0.328095293113 0.729483
0.331131121483 0.735588
0.334195040026 0.739314
0.337287308659 0.74215
0.340408189701 0.745171
0.3435579479 0.748668
0.346736850453 0.75248
0.349945167028 0.756001
0.353183169792 0.758815
0.356451133426 0.761331
0.359749335156 0.764041
0.36307805477 0.767959
0.366437574648 0.773443
0.36982817978 0.77931
0.373250157796 0.783778
0.376703798984 0.787245
0.380189396321 0.790703
0.383707245492 0.794454
0.387257644922 0.798158
0.390840895792 0.801778
0.394457302075 0.805546
0.398107170553 0.809268
0.401790810849 0.811986
0.405508535448 0.813362
0.40926065973 0.814478
0.41304750199 0.816521
0.41686938347 0.820443
0.420726628384 0.826572
0.424619563946 0.832862
0.428548520397 0.836656
0.432513831035 0.838579
0.43651583224 0.841222
0.440554863507 0.845352
0.444631267469 0.850036
0.448745389933 0.85426
0.452897579904 0.856998
0.457088189615 0.858406
0.46131757456 0.860762
0.465586093523 0.86546
0.469894108605 0.870823
0.47424198526 0.874834
0.478630092323 0.877656
0.48305880204 0.880024
0.487528490103 0.882137
0.492039535681 0.883971
0.49659232145 0.885823
0.501187233627 0.888184
0.505824662003 0.891268
0.510504999975 0.895083
0.515228644582 0.899311
0.519995996534 0.903296
0.52480746025 0.906728
0.529663443892 0.910243
0.534564359397 0.91418
0.539510622515 0.917564
0.544502652842 0.919522
0.549540873858 0.921182
0.554625712958 0.924125
0.559757601495 0.927623
0.564936974812 0.929679
0.570164272281 0.93059
0.575439937337 0.9325
0.580764417521 0.935821
0.586138164514 0.938879
0.591561634175 0.940549
0.597035286584 0.941246
0.602559586074 0.94166
0.608135001279 0.942681
0.613762005165 0.945025
0.619441075077 0.947895
0.625172692776 0.950198
0.63095734448 0.952054
0.636795520908 0.954056
0.642687717317 0.956238
0.648634433548 0.958261
0.654636174067 0.959929
0.660693448008 0.961202
0.666806769214 0.961918
0.672976656284 0.961841
0.679203632617 0.961362
0.685488226453 0.961613
0.691830970919 0.963156
0.698232404077 0.964856
0.704693068967 0.965486
0.711213513653 0.965843
0.717794291271 0.967246
0.724435960075 0.969126
0.731139083483 0.969981
0.737904230129 0.969788
0.744731973906 0.969768
0.751622894018 0.970594
0.758577575029 0.971749
0.765596606911 0.972458
0.772680585096 0.972356
0.779830110523 0.971528
0.787045789695 0.970788
0.794328234724 0.970975
0.801678063388 0.971672
0.809095899178 0.971832
0.816582371359 0.97137
0.824138115013 0.970824
0.831763771103 0.970426
0.839459986519 0.970113
0.847227414141 0.969758
0.855066712885 0.969275
0.862978547767 0.968695
0.870963589956 0.968089
0.879022516831 0.967552
0.887156012038 0.967279
0.89536476555 0.967484
0.903649473722 0.967791
0.912010839356 0.967517
0.920449571753 0.966717
0.92896638678 0.965864
0.937562006926 0.965214
0.946237161366 0.964945
0.954992586021 0.964829
0.963829023624 0.964324
0.972747223777 0.96337
0.98174794302 0.962457
0.990831944893 0.961877
1.0 0.961271
1.00925288608 0.960209
1.01859138805 0.959086
1.02801629813 0.958423
1.03752841582 0.958026
1.04712854805 0.9575
1.05681750921 0.956721
1.06659612123 0.955941
1.07646521363 0.955367
1.08642562362 0.954742
1.09647819614 0.953984
1.10662378398 0.953279
1.11686324778 0.952639
1.12719745618 0.95208
1.13762728582 0.951686
1.1481536215 0.951394
1.15877735616 0.951001
1.16949939102 0.950283
1.18032063565 0.949178
1.19124200803 0.948017
1.20226443462 0.946985
1.21338885046 0.945968
1.22461619927 0.944859
1.23594743344 0.943665
1.24738351424 0.9425
1.25892541179 0.94142
1.27057410521 0.940327
1.28233058266 0.93904
1.29419584145 0.937682
1.30617088813 0.936442
1.31825673856 0.935194
1.33045441798 0.933924
1.34276496114 0.932693
1.35518941235 0.931315
1.3677288256 0.92979
1.3803842646 0.928309
1.39315680295 0.926848
1.40604752413 0.925393
1.41905752169 0.924058
1.43218789927 0.922727
1.44543977075 0.921213
1.45881426028 0.919746
1.47231250243 0.918458
1.48593564229 0.917173
1.4996848355 0.915894
1.51356124844 0.914634
1.52756605824 0.91316
1.54170045295 0.911546
1.55596563161 0.910009
1.57036280433 0.908373
1.58489319246 0.906569
1.59955802861 0.904763
1.61435855683 0.902832
1.62929603264 0.90073
1.64437172321 0.898746
1.65958690744 0.896886
1.67494287603 0.895051
1.69044093164 0.893405
1.706082389 0.89192
1.72186857499 0.890388
1.73780082875 0.888868
1.75388050184 0.887379
1.77010895832 0.885783
1.78648757485 0.884137
1.80301774086 0.882495
1.81970085861 0.880762
1.83653834335 0.878899
1.85353162341 0.87693
1.87068214037 0.875096
1.8879913491 0.87343
1.90546071796 0.871625
1.92309172891 0.869711
1.94088587759 0.867905
1.95884467351 0.866443
1.97696964011 0.865574
1.99526231497 0.864928
2.01372424986 0.863859
2.03235701094 0.862395
2.05116217883 0.861019
2.07014134879 0.859771
2.08929613085 0.858427
2.10862814993 0.857027
2.12813904598 0.855595
2.14783047413 0.854083
2.16770410482 0.852561
2.18776162395 0.851035
2.20800473302 0.849437
2.22843514927 0.847789
2.24905460584 0.8461
2.26986485188 0.844343
2.29086765277 0.842505
2.31206479018 0.840589
2.33345806228 0.838733
2.3550492839 0.837015
2.37684028662 0.835364
2.39883291902 0.833751
2.42102904674 0.832232
2.44343055269 0.830915
2.46603933723 0.82975
2.48885731828 0.828607
2.51188643151 0.827449
2.5351286305 0.826304
2.55858588691 0.825193
2.58226019063 0.824045
2.60615355 0.822818
2.6302679919 0.82155
2.65460556198 0.820268
2.67916832482 0.818966
2.70395836411 0.817704
2.72897778281 0.816513
2.75422870334 0.815339
2.77971326776 0.814284
2.80543363795 0.813451
2.8313919958 0.812746
2.85759054337 0.812099
2.88403150313 0.811489
2.91071711807 0.810871
2.93764965196 0.810212
2.96483138952 0.809482
2.99226463661 0.808642
3.0199517204 0.80763
3.04789498963 0.806351
3.07609681474 0.804909
3.10455958813 0.8035
3.13328572432 0.802138
3.16227766017 0.800815
3.1915378551 0.799599
3.22106879128 0.798542
3.25087297385 0.797671
3.28095293113 0.797032
3.31131121483 0.796563
3.34195040026 0.796128
3.37287308659 0.79573
3.40408189701 0.795346
3.435579479 0.794817
3.46736850453 0.794088
3.49945167028 0.793157
3.53183169792 0.792016
3.56451133426 0.790743
3.59749335156 0.789377
3.6307805477 0.787959
3.66437574648 0.786593
3.6982817978 0.785372
3.73250157796 0.784303
3.76703798984 0.783439
3.80189396321 0.782888
3.83707245492 0.782591
3.87257644922 0.782437
3.90840895792 0.78235
3.94457302075 0.782262
3.98107170553 0.782161
4.01790810849 0.782002
4.05508535448 0.781691
4.0926065973 0.781224
4.1304750199 0.780596
4.1686938347 0.779756
4.20726628384 0.778734
4.24619563946 0.777555
4.28548520397 0.77622
4.32513831035 0.774758
4.3651583224 0.773177
4.40554863507 0.771458
4.44631267469 0.769659
4.48745389933 0.76789
4.52897579904 0.766253
4.57088189615 0.764811
4.6131757456 0.763589
4.65586093523 0.762658
4.69894108605 0.762101
4.7424198526 0.761885
4.78630092323 0.761877
4.8305880204 0.761971
4.87528490103 0.762189
4.92039535681 0.762446
4.9659232145 0.762579
5.01187233627 0.762555
5.05824662003 0.762325
5.10504999975 0.761835
5.15228644582 0.761134
5.19995996534 0.760288
5.2480746025 0.759321
5.29663443892 0.758253
5.34564359397 0.757118
5.39510622515 0.755959
5.44502652842 0.754811
5.49540873858 0.75369
5.54625712958 0.752639
5.59757601495 0.75169
5.64936974812 0.750859
5.70164272281 0.750146
5.75439937337 0.749554
5.80764417521 0.749152
5.86138164514 0.748947
5.91561634175 0.748834
5.97035286584 0.748775
6.02559586074 0.748757
6.08135001279 0.748738
6.13762005165 0.748661
6.19441075077 0.74846
6.25172692776 0.748099
6.3095734448 0.747562
6.36795520908 0.746855
6.42687717317 0.746046
6.48634433548 0.7452
6.54636174067 0.744336
6.60693448008 0.743475
6.66806769214 0.742645
6.72976656284 0.741892
6.79203632617 0.74124
6.85488226453 0.740663
6.91830970919 0.740137
6.98232404077 0.739649
7.04693068967 0.739196
7.11213513653 0.738751
7.17794291271 0.738278
7.24435960075 0.737745
7.31139083483 0.737159
7.37904230129 0.736567
7.44731973906 0.735982
7.51622894018 0.735423
7.58577575029 0.734948
7.65596606911 0.734591
7.72680585096 0.734371
7.79830110523 0.734322
7.87045789695 0.734455
7.94328234724 0.734735
8.01678063388 0.735102
8.09095899178 0.735491
8.16582371359 0.735848
8.24138115013 0.736157
8.31763771103 0.736382
8.39459986519 0.736393
8.47227414141 0.736165
8.55066712885 0.735795
8.62978547767 0.735288
8.70963589956 0.73463
8.79022516831 0.733865
8.87156012038 0.733045
8.9536476555 0.732218
9.03649473722 0.731443
9.12010839356 0.73073
9.20449571753 0.730065
9.2896638678 0.729458
9.37562006926 0.728913
9.46237161366 0.728431
9.54992586021 0.72802
9.63829023624 0.727688
9.72747223777 0.727429
9.8174794302 0.727234
9.90831944893 0.727089
10.0 0.726967
10.0925288608 0.726859
10.1859138805 0.726764
10.2801629813 0.726639
10.3752841582 0.726417
10.4712854805 0.726063
10.5681750921 0.725667
10.6659612123 0.725294
10.7646521363 0.724872
10.8642562362 0.7244
10.9647819614 0.723981
11.0662378398 0.723701
11.1686324778 0.723554
11.2719745618 0.72349
11.3762728582 0.723518
11.481536215 0.723644
11.5877735616 0.723859
11.6949939102 0.724137
11.8032063565 0.724439
11.9124200803 0.724688
12.0226443462 0.724875
12.1338885046 0.724983
12.2461619927 0.724993
12.3594743344 0.724892
12.4738351424 0.724694
12.5892541179 0.724436
12.7057410521 0.724143
12.8233058266 0.723825
12.9419584145 0.723489
13.0617088813 0.723114
13.1825673856 0.722731
13.3045441798 0.722346
13.4276496114 0.721946
13.5518941235 0.721572
13.677288256 0.721217
13.803842646 0.720864
13.9315680295 0.720532
14.0604752413 0.720251
14.1905752169 0.71998
14.3218789927 0.719704
14.4543977075 0.719452
14.5881426028 0.719232
14.7231250243 0.719016
14.8593564229 0.718791
14.996848355 0.718631
15.1356124844 0.718561
15.2756605824 0.718513
15.4170045295 0.718455
15.5596563161 0.718414
15.7036280433 0.71838
15.8489319246 0.718315
15.9955802861 0.718218
16.1435855683 0.7181
16.2929603264 0.71796
16.4437172321 0.717801
16.5958690744 0.717616
16.7494287603 0.717398
16.9044093164 0.717149
17.06082389 0.716888
17.2186857499 0.716645
17.3780082875 0.716398
17.5388050184 0.716144
17.7010895832 0.715901
17.8648757485 0.715697
18.0301774086 0.715538
18.1970085861 0.715424
18.3653834335 0.715364
18.5353162341 0.715351
18.7068214037 0.715365
18.879913491 0.715426
19.0546071796 0.715568
19.2309172891 0.715734
19.4088587759 0.715853
19.5884467351 0.715906
19.7696964011 0.71586
19.9526231497 0.715682
20.1372424986 0.715394
20.3235701094 0.715001
20.5116217883 0.714496
20.7014134879 0.713935
20.8929613085 0.713389
21.0862814993 0.712908
21.2813904598 0.71253
21.4783047413 0.712296
21.6770410482 0.712256
21.8776162395 0.712432
22.0800473302 0.712793
22.2843514927 0.713221
22.4905460584 0.713685
22.6986485188 0.714168
22.9086765277 0.714595
23.1206479018 0.714902
23.3345806228 0.715052
23.550492839 0.714994
23.7684028662 0.714722
23.9883291902 0.714308
24.2102904674 0.713805
24.4343055269 0.713226
24.6603933723 0.712627
24.8885731828 0.712048
25.1188643151 0.711511
25.351286305 0.711086
25.5858588691 0.710776
25.8226019063 0.710523
26.0615355 0.710369
26.302679919 0.710341
26.5460556198 0.71036
26.7916832482 0.710418
27.0395836411 0.71054
27.2897778281 0.710674
27.5422870334 0.710817
27.7971326776 0.710989
28.0543363795 0.711148
28.313919958 0.711263
28.5759054337 0.711353
28.8403150313 0.711409
29.1071711807 0.711423
29.3764965196 0.711404
29.6483138952 0.711335
29.9226463661 0.711189
30.199517204 0.711009
30.4789498963 0.710828
30.7609681474 0.710611
31.0455958813 0.710398
31.3328572432 0.710242
31.6227766017 0.71009
31.915378551 0.709947
32.2106879128 0.709838
32.5087297385 0.709746
32.8095293113 0.709655
33.1131121483 0.709578
33.4195040026 0.709502
33.7287308659 0.70942
34.0408189701 0.709343
34.35579479 0.709277
34.6736850453 0.709211
34.9945167028 0.709151
35.3183169792 0.709108
35.6451133426 0.709091
35.9749335156 0.709091
36.307805477 0.709107
36.6437574648 0.709141
36.982817978 0.709175
37.3250157796 0.709195
37.6703798984 0.709204
38.0189396321 0.709183
38.3707245492 0.709102
38.7257644922 0.708978
39.0840895792 0.708819
39.4457302075 0.708618
39.8107170553 0.708395
40.1790810849 0.708165
40.5508535448 0.707924
40.926065973 0.707681
41.304750199 0.707449
41.686938347 0.707252
42.0726628384 0.70708
42.4619563946 0.706922
42.8548520397 0.7068
43.2513831035 0.706718
43.651583224 0.706642
44.0554863507 0.70658
44.4631267469 0.706548
44.8745389933 0.706541
45.2897579904 0.706566
45.7088189615 0.706631
46.131757456 0.706722
46.5586093523 0.706831
46.9894108605 0.706945
47.424198526 0.707073
47.8630092323 0.707208
48.305880204 0.707314
48.7528490103 0.707372
49.2039535681 0.707381
49.659232145 0.707367
50.1187233627 0.707325
50.5824662003 0.707232
51.0504999975 0.707112
51.5228644582 0.706983
51.9995996534 0.706851
52.480746025 0.706716
52.9663443892 0.706583
53.4564359397 0.706479
53.9510622515 0.70641
54.4502652842 0.706361
54.9540873858 0.706329
55.4625712958 0.706313
55.9757601495 0.706294
56.4936974812 0.706264
57.0164272281 0.706211
57.5439937337 0.706114
58.0764417521 0.705984
58.6138164514 0.705832
59.1561634175 0.705658
59.7035286584 0.70546
60.2559586074 0.705247
60.8135001279 0.705028
61.3762005165 0.704811
61.9441075077 0.704603
62.5172692776 0.704415
63.095734448 0.704265
63.6795520908 0.704158
64.2687717317 0.704098
64.8634433548 0.704087
65.4636174067 0.704125
66.0693448008 0.704201
66.6806769214 0.704298
67.2976656284 0.704399
67.9203632617 0.704488
68.5488226453 0.704547
69.1830970919 0.704564
69.8232404077 0.704528
70.4693068967 0.70444
71.1213513653 0.704303
71.7794291271 0.704115
72.4435960075 0.703889
73.1139083483 0.703629
73.7904230129 0.70333
74.4731973906 0.70299
75.1622894018 0.702611
75.8577575029 0.702202
76.5596606911 0.701782
77.2680585096 0.701381
77.9830110523 0.701015
78.7045789695 0.700705
79.4328234724 0.700477
80.1678063388 0.700348
80.9095899178 0.700324
81.6582371359 0.700404
82.4138115013 0.700586
83.1763771103 0.70085
83.9459986519 0.701174
84.7227414141 0.701538
85.5066712885 0.701923
86.2978547767 0.702315
87.0963589956 0.702696
87.9022516831 0.70305
88.7156012038 0.703361
89.536476555 0.703624
90.3649473722 0.703831
91.2010839356 0.703973
92.0449571753 0.704037
92.896638678 0.704
93.7562006926 0.703856
94.6237161366 0.703617
95.4992586021 0.703297
96.3829023624 0.702917
97.2747223777 0.702508
98.174794302 0.702091
99.0831944893 0.701683
100.0 0.701299
100.925288608 0.700964
101.859138805 0.700724
102.801629813 0.700551
103.752841582 0.70044
104.712854805 0.700414
105.681750921 0.70043
106.659612123 0.700459
107.646521363 0.700573
108.642562362 0.700766
109.647819614 0.701021
110.662378398 0.701329
111.686324778 0.701625
112.719745618 0.701834
113.762728582 0.701995
114.81536215 0.702083
115.877735616 0.702012
116.949939102 0.70181
118.032063565 0.701516
119.124200803 0.701112
120.226443462 0.700649
121.338885046 0.700199
122.461619927 0.699781
123.594743344 0.699403
124.738351424 0.699085
125.892541179 0.698898
127.057410521 0.698865
128.233058266 0.698915
129.419584145 0.699029
130.617088813 0.699175
131.825673856 0.699292
133.045441798 0.699367
134.276496114 0.699422
135.518941235 0.699406
136.77288256 0.69931
138.03842646 0.699161
139.315680295 0.698974
140.604752413 0.698773
141.905752169 0.698587
143.218789927 0.698425
144.543977075 0.69829
145.881426028 0.698221
147.231250243 0.698225
148.593564229 0.698278
149.96848355 0.698398
151.356124844 0.698546
152.756605824 0.698672
154.170045295 0.698778
155.596563161 0.698868
157.036280433 0.69888
158.489319246 0.698796
159.955802861 0.698639
161.435855683 0.698424
162.929603264 0.69817
164.437172321 0.697898
165.958690744 0.697599
167.494287603 0.697276
169.044093164 0.696922
170.6082389 0.696575
172.186857499 0.696262
173.780082875 0.696019
175.388050184 0.695819
177.010895832 0.695618
178.648757485 0.695493
180.301774086 0.695478
181.970085861 0.695469
183.653834335 0.695636
185.353162341 0.695859
187.068214037 0.695423
188.79913491 0.696229
190.546071796 0.698383
192.309172891 0.691238
194.088587759 0.693815
195.884467351 0.726414
197.696964011 0.189116
199.526231497 0.568839
201.372424986 -467.579
203.235701094 -1092.33
205.116217883 -1711.32
207.014134879 -2324.63
208.929613085 -2932.32
210.862814993 -3534.44
212.813904598 -4131.07
214.783047413 -4722.2
216.770410482 -5307.91
218.776162395 -5888.25
220.800473302 -6463.31
222.843514927 -7033.05
224.905460584 -7597.58
226.986485188 -8156.92
229.086765277 -8711.14
231.206479018 -9260.32
233.345806228 -9804.42
235.50492839 -10343.5
237.684028662 -10877.7
239.883291902 -11407
242.102904674 -11931.4
244.343055269 -12451.1
246.603933723 -12965.9
248.885731828 -13476
251.188643151 -13981.5
253.51286305 -14482.3
255.858588691 -14978.6
258.226019063 -15470.3
260.615355 -15957.4
263.02679919 -16440.2
265.460556198 -16918.4
267.916832482 -17392.3
270.395836411 -17861.9
272.897778281 -18327.2
275.422870334 -18788.1
277.971326776 -19244.9
280.543363795 -19697.5
283.13919958 -20145.9
285.759054337 -20590.2
288.403150313 -21030.4
291.071711807 -21466.6
293.764965196 -21898.8
296.483138952 -22327.1
299.226463661 -22751.4
301.99517204 -23171.8
304.789498963 -23588.4
307.609681474 -24001.1
310.455958813 -24410.1
313.328572432 -24815.3
316.227766017 -25216.8
319.15378551 -25614.6
322.106879128 -26008.8
325.087297385 -26399.4
328.095293113 -26786.4
331.131121483 -27169.8
334.195040026 -27549.7
337.287308659 -27926.2
340.408189701 -28299.1
343.5579479 -28668.7
346.736850453 -29034.9
349.945167028 -29397.7
353.183169792 -29757.2
356.451133426 -30113.4
359.749335156 -30466.3
363.07805477 -30816
366.437574648 -31162.5
369.82817978 -31505.8
373.250157796 -31845.9
376.703798984 -32183
380.189396321 -32516.9
383.707245492 -32847.8
387.257644922 -33175.7
390.840895792 -33500.6
394.457302075 -33822.4
398.107170553 -34141.3
401.790810849 -34457.4
405.508535448 -34770.5
409.26065973 -35080.7
413.04750199 -35388.1
416.86938347 -35692.6
420.726628384 -35994.4
424.619563946 -36293.4
428.548520397 -36589.7
432.513831035 -36883.3
436.51583224 -37174.1
440.554863507 -37462.3
444.631267469 -37747.9
448.745389933 -38030.8
452.897579904 -38311.1
457.088189615 -38588.9
461.31757456 -38864.1
465.586093523 -39136.8
469.894108605 -39407
474.24198526 -39674.8
478.630092323 -39940
483.05880204 -40202.9
487.528490103 -40463.3
492.039535681 -40721.3
496.59232145 -40977
501.187233627 -41230.4
505.824662003 -41481.4
510.504999975 -41730.1
515.228644582 -41976.5
519.995996534 -42220.7
524.80746025 -42462.6
529.663443892 -42702.3
534.564359397 -42939.8
539.510622515 -43175.2
544.502652842 -43408.3
549.540873858 -43639.4
554.625712958 -43868.3
559.757601495 -44095.1
564.936974812 -44319.9
570.164272281 -44542.5
575.439937337 -44763.2
580.764417521 -44981.8
586.138164514 -45198.4
591.561634175 -45413.1
597.035286584 -45625.7
602.559586074 -45836.4
608.135001279 -46045.2
613.762005165 -46252.1
619.441075077 -46457
625.172692776 -46660.1
630.95734448 -46861.3
636.795520908 -47060.7
642.687717317 -47258.3
648.634433548 -47454
654.636174067 -47648
660.693448008 -47840.1
666.806769214 -48030.6
672.976656284 -48219.2
679.203632617 -48406.2
685.488226453 -48591.4
691.830970919 -48774.9
698.232404077 -48956.7
704.693068967 -49136.9
711.213513653 -49315.4
717.794291271 -49492.3
724.435960075 -49667.6
731.139083483 -49841.2
737.904230129 -50013.3
744.731973906 -50183.8
751.622894018 -50352.7
758.577575029 -50520.1
765.596606911 -50685.9
772.680585096 -50850.2
779.830110523 -51013
787.045789695 -51174.4
794.328234724 -51334.2
801.678063388 -51492.6
809.095899178 -51649.5
816.582371359 -51805
824.138115013 -51959
831.763771103 -52111.7
839.459986519 -52262.9
847.227414141 -52412.8
855.066712885 -52561.3
862.978547767 -52708.4
870.963589956 -52854.2
879.022516831 -52998.6
887.156012038 -53141.7
895.36476555 -53283.6
903.649473722 -53424.1
912.010839356 -53563.3
920.449571753 -53701.2
928.96638678 -53837.9
937.562006926 -53973.3
946.237161366 -54107.5
954.992586021 -54240.4
963.829023624 -54372.2
972.747223777 -54502.7
981.74794302 -54632
990.831944893 -54760.2
1000.0 -54887.1
