0.1 0.0566412
0.100925288608 0.0581964
0.101859138805 0.0597373
0.102801629813 0.0608069
0.103752841582 0.0617889
0.104712854805 0.0631031
0.105681750921 0.0645211
0.106659612123 0.0657423
0.107646521363 0.0668652
0.108642562362 0.0680558
0.109647819614 0.0692777
0.110662378398 0.070301
0.111686324778 0.0712171
0.112719745618 0.0722467
0.113762728582 0.0733191
0.11481536215 0.0746974
0.115877735616 0.076153
0.116949939102 0.0780863
0.118032063565 0.0800543
0.119124200803 0.0817676
0.120226443462 0.0832685
0.121338885046 0.0840128
0.122461619927 0.085109
0.123594743344 0.0867004
0.124738351424 0.0882358
0.125892541179 0.089735
0.127057410521 0.090848
0.128233058266 0.0920458
0.129419584145 0.0937489
0.130617088813 0.0958328
0.131825673856 0.0982646
0.133045441798 0.0998065
0.134276496114 0.101248
0.135518941235 0.102859
0.13677288256 0.104276
0.13803842646 0.105557
0.139315680295 0.10643
0.140604752413 0.108065
0.141905752169 0.110544
0.143218789927 0.112741
0.144543977075 0.114566
0.145881426028 0.115901
0.147231250243 0.117605
0.148593564229 0.119462
0.14996848355 0.121472
0.151356124844 0.123357
0.152756605824 0.125114
0.154170045295 0.126825
0.155596563161 0.128944
0.157036280433 0.131084
0.158489319246 0.133017
0.159955802861 0.134544
0.161435855683 0.136562
0.162929603264 0.139007
0.164437172321 0.141619
0.165958690744 0.144043
0.167494287603 0.145838
0.169044093164 0.147225
0.1706082389 0.14842
0.172186857499 0.149683
0.173780082875 0.151508
0.175388050184 0.15428
0.177010895832 0.157325
0.178648757485 0.160138
0.180301774086 0.162376
0.181970085861 0.164105
0.183653834335 0.165516
0.185353162341 0.166881
0.187068214037 0.168474
0.18879913491 0.170616
0.190546071796 0.173318
0.192309172891 0.176092
0.194088587759 0.178243
0.195884467351 0.180166
0.197696964011 0.182718
0.199526231497 0.185
0.201372424986 0.185999
0.203235701094 0.186606
0.205116217883 0.188461
0.207014134879 0.191372
0.208929613085 0.193488
0.210862814993 0.194238
0.212813904598 0.195295
0.214783047413 0.197976
0.216770410482 0.201646
0.218776162395 0.205155
0.220800473302 0.20798
0.222843514927 0.210037
0.224905460584 0.211519
0.226986485188 0.212835
0.229086765277 0.214518
0.231206479018 0.217031
0.233345806228 0.219868
0.23550492839 0.221721
0.237684028662 0.222462
0.239883291902 0.223515
0.242102904674 0.225853
0.244343055269 0.228553
0.246603933723 0.230762
0.248885731828 0.232575
0.251188643151 0.234298
0.25351286305 0.236188
0.255858588691 0.238387
0.258226019063 0.240416
0.260615355 0.24162
0.26302679919 0.242633
0.265460556198 0.244819
0.267916832482 0.248041
0.270395836411 0.250187
0.272897778281 0.250885
0.275422870334 0.252397
0.277971326776 0.25585
0.280543363795 0.258974
0.28313919958 0.259724
0.285759054337 0.259172
0.288403150313 0.259283
0.291071711807 0.260569
0.293764965196 0.262755
0.296483138952 0.265375
0.299226463661 0.267695
0.30199517204 0.26949
0.304789498963 0.270874
0.307609681474 0.272235
0.310455958813 0.274054
0.313328572432 0.276405
0.316227766017 0.278575
0.31915378551 0.279893
0.322106879128 0.280535
0.325087297385 0.280827
0.328095293113 0.281615
0.331131121483 0.283773
0.334195040026 0.286051
0.337287308659 0.286486
0.340408189701 0.286004
0.3435579479 0.287333
0.346736850453 0.290616
0.349945167028 0.292947
0.353183169792 0.292791
0.356451133426 0.292854
0.359749335156 0.294799
0.36307805477 0.297382
0.366437574648 0.299143
0.36982817978 0.300044
0.373250157796 0.300581
0.376703798984 0.301146
0.380189396321 0.301985
0.383707245492 0.303175
0.387257644922 0.304629
0.390840895792 0.306125
0.394457302075 0.307347
0.398107170553 0.308324
0.401790810849 0.309674
0.405508535448 0.311543
0.40926065973 0.313028
0.41304750199 0.313566
0.41686938347 0.313842
0.420726628384 0.314693
0.424619563946 0.316005
0.428548520397 0.31727
0.432513831035 0.318411
0.43651583224 0.319642
0.440554863507 0.321039
0.444631267469 0.32255
0.448745389933 0.323934
0.452897579904 0.324686
0.457088189615 0.324732
0.46131757456 0.324843
0.465586093523 0.325627
0.469894108605 0.326925
0.47424198526 0.328432
0.478630092323 0.329794
0.48305880204 0.330712
0.487528490103 0.331345
0.492039535681 0.332048
0.49659232145 0.332866
0.501187233627 0.333673
0.505824662003 0.334514
0.510504999975 0.335485
0.515228644582 0.336491
0.519995996534 0.337256
0.52480746025 0.337646
0.529663443892 0.338038
0.534564359397 0.338797
0.539510622515 0.339844
0.544502652842 0.340995
0.549540873858 0.342046
0.554625712958 0.342806
0.559757601495 0.343298
0.564936974812 0.343659
0.570164272281 0.344058
0.575439937337 0.344608
0.580764417521 0.345294
0.586138164514 0.346008
0.591561634175 0.346606
0.597035286584 0.346999
0.602559586074 0.347219
0.608135001279 0.347502
0.613762005165 0.348053
0.619441075077 0.348566
0.625172692776 0.348713
0.63095734448 0.34875
0.636795520908 0.349067
0.642687717317 0.349558
0.648634433548 0.349843
0.654636174067 0.349905
0.660693448008 0.350117
0.666806769214 0.350574
0.672976656284 0.350868
0.679203632617 0.350784
0.685488226453 0.350674
0.691830970919 0.350832
0.698232404077 0.351002
0.704693068967 0.35091
0.711213513653 0.350688
0.717794291271 0.350461
0.724435960075 0.350347
0.731139083483 0.350538
0.737904230129 0.35083
0.744731973906 0.350768
0.751622894018 0.350382
0.758577575029 0.350009
0.765596606911 0.349759
0.772680585096 0.349529
0.779830110523 0.349229
0.787045789695 0.34894
0.794328234724 0.348813
0.801678063388 0.348741
0.809095899178 0.34851
0.816582371359 0.348164
0.824138115013 0.347853
0.831763771103 0.347594
0.839459986519 0.347246
0.847227414141 0.346776
0.855066712885 0.346367
0.862978547767 0.3461
0.870963589956 0.345827
0.879022516831 0.345421
0.887156012038 0.344954
0.89536476555 0.344586
0.903649473722 0.344274
0.912010839356 0.34387
0.920449571753 0.343429
0.92896638678 0.343063
0.937562006926 0.342745
0.946237161366 0.342408
0.954992586021 0.342018
0.963829023624 0.341618
0.972747223777 0.341192
0.98174794302 0.340637
0.990831944893 0.340022
1.0 0.339534
1.00925288608 0.339186
1.01859138805 0.338821
1.02801629813 0.338338
1.03752841582 0.337818
1.04712854805 0.337381
1.05681750921 0.337005
1.06659612123 0.336609
1.07646521363 0.336167
1.08642562362 0.335699
1.09647819614 0.33525
1.10662378398 0.334858
1.11686324778 0.334479
1.12719745618 0.334093
1.13762728582 0.333754
1.1481536215 0.333425
1.15877735616 0.333041
1.16949939102 0.332566
1.18032063565 0.332066
1.19124200803 0.331644
1.20226443462 0.331197
1.21338885046 0.330659
1.22461619927 0.330108
1.23594743344 0.32959
1.24738351424 0.329113
1.25892541179 0.328644
1.27057410521 0.328128
1.28233058266 0.327547
1.29419584145 0.326982
1.30617088813 0.326454
1.31825673856 0.325894
1.33045441798 0.325339
1.34276496114 0.324817
1.35518941235 0.324267
1.3677288256 0.323686
1.3803842646 0.323096
1.39315680295 0.322481
1.40604752413 0.321876
1.41905752169 0.321336
1.43218789927 0.320768
1.44543977075 0.320123
1.45881426028 0.319506
1.47231250243 0.318941
1.48593564229 0.318396
1.4996848355 0.317868
1.51356124844 0.317328
1.52756605824 0.316732
1.54170045295 0.316107
1.55596563161 0.315476
1.57036280433 0.314799
1.58489319246 0.314102
1.59955802861 0.313416
1.61435855683 0.312697
1.62929603264 0.311961
1.64437172321 0.311267
1.65958690744 0.310584
1.67494287603 0.309909
1.69044093164 0.309282
1.706082389 0.308678
1.72186857499 0.308073
1.73780082875 0.307497
1.75388050184 0.306928
1.77010895832 0.306308
1.78648757485 0.305647
1.80301774086 0.304971
1.81970085861 0.304277
1.83653834335 0.303529
1.85353162341 0.302723
1.87068214037 0.301966
1.8879913491 0.301258
1.90546071796 0.300522
1.92309172891 0.299812
1.94088587759 0.299159
1.95884467351 0.2986
1.97696964011 0.298217
1.99526231497 0.297921
2.01372424986 0.297537
2.03235701094 0.297069
2.05116217883 0.296629
2.07014134879 0.296198
2.08929613085 0.295708
2.10862814993 0.295165
2.12813904598 0.294574
2.14783047413 0.29394
2.16770410482 0.293301
2.18776162395 0.292661
2.20800473302 0.291998
2.22843514927 0.291331
2.24905460584 0.290677
2.26986485188 0.290025
2.29086765277 0.289368
2.31206479018 0.288707
2.33345806228 0.288064
2.3550492839 0.287446
2.37684028662 0.286838
2.39883291902 0.286223
2.42102904674 0.285614
2.44343055269 0.285055
2.46603933723 0.284522
2.48885731828 0.283965
2.51188643151 0.283393
2.5351286305 0.282833
2.55858588691 0.282297
2.58226019063 0.281766
2.60615355 0.281238
2.6302679919 0.280736
2.65460556198 0.28026
2.67916832482 0.279798
2.70395836411 0.279368
2.72897778281 0.278944
2.75422870334 0.278482
2.77971326776 0.278029
2.80543363795 0.277602
2.8313919958 0.277167
2.85759054337 0.276717
2.88403150313 0.276247
2.91071711807 0.275749
2.93764965196 0.275246
2.96483138952 0.274747
2.99226463661 0.274235
3.0199517204 0.27369
3.04789498963 0.273093
3.07609681474 0.272495
3.10455958813 0.271946
3.13328572432 0.271421
3.16227766017 0.270917
3.1915378551 0.270456
3.22106879128 0.270033
3.25087297385 0.269665
3.28095293113 0.269371
3.31131121483 0.269101
3.34195040026 0.268826
3.37287308659 0.26857
3.40408189701 0.268309
3.435579479 0.267993
3.46736850453 0.267623
3.49945167028 0.267201
3.53183169792 0.266727
3.56451133426 0.266216
3.59749335156 0.265689
3.6307805477 0.265164
3.66437574648 0.264662
3.6982817978 0.264212
3.73250157796 0.263808
3.76703798984 0.263466
3.80189396321 0.263219
3.83707245492 0.263048
3.87257644922 0.262913
3.90840895792 0.262782
3.94457302075 0.262642
3.98107170553 0.262492
4.01790810849 0.262315
4.05508535448 0.262101
4.0926065973 0.261848
4.1304750199 0.261532
4.1686938347 0.261149
4.20726628384 0.260723
4.24619563946 0.260254
4.28548520397 0.259744
4.32513831035 0.25921
4.3651583224 0.258643
4.40554863507 0.258018
4.44631267469 0.257373
4.48745389933 0.256755
4.52897579904 0.256187
4.57088189615 0.255679
4.6131757456 0.255253
4.65586093523 0.254936
4.69894108605 0.254736
4.7424198526 0.254631
4.78630092323 0.254589
4.8305880204 0.254584
4.87528490103 0.254617
4.92039535681 0.254642
4.9659232145 0.254611
5.01187233627 0.254518
5.05824662003 0.254343
5.10504999975 0.254081
5.15228644582 0.253743
5.19995996534 0.253343
5.2480746025 0.252904
5.29663443892 0.252433
5.34564359397 0.251933
5.39510622515 0.251437
5.44502652842 0.250961
5.49540873858 0.250502
5.54625712958 0.250076
5.59757601495 0.249696
5.64936974812 0.249365
5.70164272281 0.249084
5.75439937337 0.248856
5.80764417521 0.248697
5.86138164514 0.248591
5.91561634175 0.248501
5.97035286584 0.248418
6.02559586074 0.248339
6.08135001279 0.248246
6.13762005165 0.248122
6.19441075077 0.247952
6.25172692776 0.247726
6.3095734448 0.247437
6.36795520908 0.247088
6.42687717317 0.246714
6.48634433548 0.24634
6.54636174067 0.245961
6.60693448008 0.24559
6.66806769214 0.24524
6.72976656284 0.244912
6.79203632617 0.244604
6.85488226453 0.24432
6.91830970919 0.244067
6.98232404077 0.243837
7.04693068967 0.243613
7.11213513653 0.24338
7.17794291271 0.243127
7.24435960075 0.242853
7.31139083483 0.242567
7.37904230129 0.242282
7.44731973906 0.241994
7.51622894018 0.241713
7.58577575029 0.241472
7.65596606911 0.241273
7.72680585096 0.241113
7.79830110523 0.241003
7.87045789695 0.240943
7.94328234724 0.240924
8.01678063388 0.240924
8.09095899178 0.240924
8.16582371359 0.240917
8.24138115013 0.240891
8.31763771103 0.240831
8.39459986519 0.24072
8.47227414141 0.240553
8.55066712885 0.240334
8.62978547767 0.240077
8.70963589956 0.239789
8.79022516831 0.239473
8.87156012038 0.239139
8.9536476555 0.238802
9.03649473722 0.238479
9.12010839356 0.23818
9.20449571753 0.237905
9.2896638678 0.237642
9.37562006926 0.237394
9.46237161366 0.23717
9.54992586021 0.236968
9.63829023624 0.236786
9.72747223777 0.236626
9.8174794302 0.236482
9.90831944893 0.23635
10.0 0.236237
10.0925288608 0.23613
10.1859138805 0.236011
10.2801629813 0.235854
10.3752841582 0.235655
10.4712854805 0.235431
10.5681750921 0.235186
10.6659612123 0.234924
10.7646521363 0.234652
10.8642562362 0.234387
10.9647819614 0.234145
11.0662378398 0.233929
11.1686324778 0.233756
11.2719745618 0.233646
11.3762728582 0.233592
11.481536215 0.233574
11.5877735616 0.233577
11.6949939102 0.233597
11.8032063565 0.233626
11.9124200803 0.233653
12.0226443462 0.233651
12.1338885046 0.233608
12.2461619927 0.233541
12.3594743344 0.233436
12.4738351424 0.233295
12.5892541179 0.233143
12.7057410521 0.232972
12.8233058266 0.232791
12.9419584145 0.232622
13.0617088813 0.232455
13.1825673856 0.232266
13.3045441798 0.232062
13.4276496114 0.231871
13.5518941235 0.231694
13.677288256 0.23152
13.803842646 0.231345
13.9315680295 0.231175
14.0604752413 0.231022
14.1905752169 0.230879
14.3218789927 0.23074
14.4543977075 0.230603
14.5881426028 0.230462
14.7231250243 0.230318
14.8593564229 0.230164
14.996848355 0.230018
15.1356124844 0.229894
15.2756605824 0.229769
15.4170045295 0.229629
15.5596563161 0.229481
15.7036280433 0.229346
15.8489319246 0.229221
15.9955802861 0.229096
16.1435855683 0.228978
16.2929603264 0.228874
16.4437172321 0.228783
16.5958690744 0.228698
16.7494287603 0.228614
16.9044093164 0.228533
17.06082389 0.228452
17.2186857499 0.228368
17.3780082875 0.228266
17.5388050184 0.228147
17.7010895832 0.228031
17.8648757485 0.227916
18.0301774086 0.227794
18.1970085861 0.227668
18.3653834335 0.227558
18.5353162341 0.227479
18.7068214037 0.227409
18.879913491 0.227343
19.0546071796 0.227294
19.2309172891 0.227251
19.4088587759 0.227204
19.5884467351 0.227141
19.7696964011 0.227047
19.9526231497 0.226916
20.1372424986 0.226752
20.3235701094 0.226558
20.5116217883 0.226333
20.7014134879 0.226098
20.8929613085 0.225867
21.0862814993 0.225651
21.2813904598 0.225466
21.4783047413 0.225336
21.6770410482 0.22528
21.8776162395 0.225297
22.0800473302 0.225367
22.2843514927 0.225465
22.4905460584 0.225576
22.6986485188 0.225688
22.9086765277 0.225783
23.1206479018 0.225833
23.3345806228 0.225812
23.550492839 0.225721
23.7684028662 0.225572
23.9883291902 0.225374
24.2102904674 0.225139
24.4343055269 0.224885
24.6603933723 0.224629
24.8885731828 0.224383
25.1188643151 0.22416
25.351286305 0.223971
25.5858588691 0.223812
25.8226019063 0.223678
26.0615355 0.223579
26.302679919 0.223514
26.5460556198 0.223461
26.7916832482 0.223435
27.0395836411 0.223442
27.2897778281 0.223455
27.5422870334 0.223472
27.7971326776 0.223502
28.0543363795 0.223525
28.313919958 0.223534
28.5759054337 0.223538
28.8403150313 0.223529
29.1071711807 0.223495
29.3764965196 0.223431
29.6483138952 0.223345
29.9226463661 0.22325
30.199517204 0.223146
30.4789498963 0.223032
30.7609681474 0.222913
31.0455958813 0.222796
31.3328572432 0.222689
31.6227766017 0.222594
31.915378551 0.22251
32.2106879128 0.222438
32.5087297385 0.222367
32.8095293113 0.222298
33.1131121483 0.222234
33.4195040026 0.222165
33.7287308659 0.222083
34.0408189701 0.221994
34.35579479 0.221898
34.6736850453 0.221797
34.9945167028 0.221703
35.3183169792 0.221617
35.6451133426 0.221533
35.9749335156 0.221464
36.307805477 0.22142
36.6437574648 0.221396
36.982817978 0.221385
37.3250157796 0.221379
37.6703798984 0.221369
38.0189396321 0.221354
38.3707245492 0.221329
38.7257644922 0.221288
39.0840895792 0.221227
39.4457302075 0.221149
39.8107170553 0.221058
40.1790810849 0.220957
40.5508535448 0.220847
40.926065973 0.220738
41.304750199 0.220634
41.686938347 0.220535
42.0726628384 0.220444
42.4619563946 0.220361
42.8548520397 0.22029
43.2513831035 0.220227
43.651583224 0.220166
44.0554863507 0.220109
44.4631267469 0.220061
44.8745389933 0.220023
45.2897579904 0.219992
45.7088189615 0.219967
46.131757456 0.219949
46.5586093523 0.219939
46.9894108605 0.219936
47.424198526 0.219933
47.8630092323 0.219925
48.305880204 0.219915
48.7528490103 0.219899
49.2039535681 0.219873
49.659232145 0.21984
50.1187233627 0.219803
50.5824662003 0.219762
51.0504999975 0.219714
51.5228644582 0.219658
51.9995996534 0.219599
52.480746025 0.219539
52.9663443892 0.219477
53.4564359397 0.219416
53.9510622515 0.219357
54.4502652842 0.219295
54.9540873858 0.219238
55.4625712958 0.219189
55.9757601495 0.219139
56.4936974812 0.219087
57.0164272281 0.219035
57.5439937337 0.218986
58.0764417521 0.218933
58.6138164514 0.218873
59.1561634175 0.218806
59.7035286584 0.218731
60.2559586074 0.218649
60.8135001279 0.218563
61.3762005165 0.218474
61.9441075077 0.218384
62.5172692776 0.218296
63.095734448 0.218218
63.6795520908 0.218152
64.2687717317 0.218099
64.8634433548 0.218058
65.4636174067 0.218031
66.0693448008 0.218018
66.6806769214 0.218012
67.2976656284 0.218009
67.9203632617 0.218006
68.5488226453 0.217995
69.1830970919 0.217975
69.8232404077 0.217943
70.4693068967 0.217896
71.1213513653 0.217833
71.7794291271 0.217755
72.4435960075 0.217665
73.1139083483 0.217563
73.7904230129 0.217449
74.4731973906 0.217323
75.1622894018 0.217185
75.8577575029 0.217038
76.5596606911 0.216888
77.2680585096 0.216742
77.9830110523 0.216606
78.7045789695 0.216484
79.4328234724 0.216385
80.1678063388 0.216317
80.9095899178 0.216284
81.6582371359 0.216287
82.4138115013 0.216326
83.1763771103 0.216391
83.9459986519 0.216476
84.7227414141 0.216574
85.5066712885 0.216678
86.2978547767 0.216781
87.0963589956 0.216875
87.9022516831 0.216954
88.7156012038 0.217018
89.536476555 0.217067
90.3649473722 0.217097
91.2010839356 0.217106
92.0449571753 0.217092
92.896638678 0.217052
93.7562006926 0.216987
94.6237161366 0.216895
95.4992586021 0.216784
96.3829023624 0.21666
97.2747223777 0.216529
98.174794302 0.216394
99.0831944893 0.216262
100.0 0.216139
100.925288608 0.216031
101.859138805 0.215939
102.801629813 0.215869
103.752841582 0.215818
104.712854805 0.21578
105.681750921 0.21576
106.659612123 0.215764
107.646521363 0.215783
108.642562362 0.215822
109.647819614 0.215883
110.662378398 0.215939
111.686324778 0.215985
112.719745618 0.21603
113.762728582 0.216067
114.81536215 0.216079
115.877735616 0.216054
116.949939102 0.215982
118.032063565 0.215864
119.124200803 0.215719
120.226443462 0.215566
121.338885046 0.215407
122.461619927 0.215247
123.594743344 0.2151
124.738351424 0.214988
125.892541179 0.21491
127.057410521 0.214864
128.233058266 0.214857
129.419584145 0.214879
130.617088813 0.214908
131.825673856 0.214933
133.045441798 0.21495
134.276496114 0.214958
135.518941235 0.214943
136.77288256 0.2149
138.03842646 0.214842
139.315680295 0.214772
140.604752413 0.214696
141.905752169 0.214623
143.218789927 0.214557
144.543977075 0.214506
145.881426028 0.21448
147.231250243 0.214478
148.593564229 0.214487
149.96848355 0.21449
151.356124844 0.214488
152.756605824 0.214505
154.170045295 0.21452
155.596563161 0.214508
157.036280433 0.214484
158.489319246 0.214448
159.955802861 0.214394
161.435855683 0.214327
162.929603264 0.214248
164.437172321 0.214155
165.958690744 0.21406
167.494287603 0.213964
169.044093164 0.213857
170.6082389 0.213744
172.186857499 0.213639
173.780082875 0.213543
175.388050184 0.213457
177.010895832 0.213384
178.648757485 0.213334
180.301774086 0.213308
181.970085861 0.213302
183.653834335 0.213363
185.353162341 0.213432
187.068214037 0.213273
188.79913491 0.213527
190.546071796 0.214228
192.309172891 0.211825
194.088587759 0.212657
195.884467351 0.223694
197.696964011 0.0442071
199.526231497 0.176464
201.372424986 -143.247
203.235701094 -334.645
205.116217883 -524.277
207.014134879 -712.171
208.929613085 -898.342
210.862814993 -1082.81
212.813904598 -1265.59
214.783047413 -1446.69
216.770410482 -1626.12
218.776162395 -1803.92
220.800473302 -1980.09
222.843514927 -2154.64
224.905460584 -2327.58
226.986485188 -2498.94
229.086765277 -2668.73
231.206479018 -2836.98
233.345806228 -3003.67
235.50492839 -3168.83
237.684028662 -3332.48
239.883291902 -3494.64
242.102904674 -3655.3
244.343055269 -3814.49
246.603933723 -3972.22
248.885731828 -4128.5
251.188643151 -4283.36
253.51286305 -4436.79
255.858588691 -4588.81
258.226019063 -4739.45
260.615355 -4888.69
263.02679919 -5036.58
265.460556198 -5183.11
267.916832482 -5328.29
270.395836411 -5472.14
272.897778281 -5614.68
275.422870334 -5755.91
277.971326776 -5895.84
280.543363795 -6034.49
283.13919958 -6171.86
285.759054337 -6307.99
288.403150313 -6442.86
291.071711807 -6576.49
293.764965196 -6708.9
296.483138952 -6840.09
299.226463661 -6970.09
301.99517204 -7098.89
304.789498963 -7226.51
307.609681474 -7352.95
310.455958813 -7478.25
313.328572432 -7602.39
316.227766017 -7725.39
319.15378551 -7847.27
322.106879128 -7968.02
325.087297385 -8087.68
328.095293113 -8206.23
331.131121483 -8323.7
334.195040026 -8440.09
337.287308659 -8555.42
340.408189701 -8669.68
343.5579479 -8782.9
346.736850453 -8895.08
349.945167028 -9006.23
353.183169792 -9116.37
356.451133426 -9225.49
359.749335156 -9333.61
363.07805477 -9440.74
366.437574648 -9546.89
369.82817978 -9652.07
373.250157796 -9756.28
376.703798984 -9859.54
380.189396321 -9961.84
383.707245492 -10063.2
387.257644922 -10163.7
390.840895792 -10263.2
394.457302075 -10361.8
398.107170553 -10459.5
401.790810849 -10556.3
405.508535448 -10652.2
409.26065973 -10747.3
413.04750199 -10841.4
416.86938347 -10934.7
420.726628384 -11027.2
424.619563946 -11118.8
428.548520397 -11209.6
432.513831035 -11299.5
436.51583224 -11388.6
440.554863507 -11476.9
444.631267469 -11564.4
448.745389933 -11651.1
452.897579904 -11736.9
457.088189615 -11822.1
461.31757456 -11906.4
465.586093523 -11989.9
469.894108605 -12072.7
474.24198526 -12154.7
478.630092323 -12236
483.05880204 -12316.5
487.528490103 -12396.3
492.039535681 -12475.3
496.59232145 -12553.7
501.187233627 -12631.3
505.824662003 -12708.2
510.504999975 -12784.4
515.228644582 -12859.9
519.995996534 -12934.7
524.80746025 -13008.8
529.663443892 -13082.2
534.564359397 -13155
539.510622515 -13227.1
544.502652842 -13298.5
549.540873858 -13369.3
554.625712958 -13439.4
559.757601495 -13508.9
564.936974812 -13577.8
570.164272281 -13646
575.439937337 -13713.6
580.764417521 -13780.6
586.138164514 -13846.9
591.561634175 -13912.7
597.035286584 -13977.8
602.559586074 -14042.4
608.135001279 -14106.3
613.762005165 -14169.7
619.441075077 -14232.5
625.172692776 -14294.7
630.95734448 -14356.4
636.795520908 -14417.5
642.687717317 -14478
648.634433548 -14538
654.636174067 -14597.4
660.693448008 -14656.2
666.806769214 -14714.6
672.976656284 -14772.4
679.203632617 -14829.6
685.488226453 -14886.4
691.830970919 -14942.6
698.232404077 -14998.3
704.693068967 -15053.5
711.213513653 -15108.2
717.794291271 -15162.4
724.435960075 -15216.1
731.139083483 -15269.3
737.904230129 -15322
744.731973906 -15374.2
751.622894018 -15426
758.577575029 -15477.3
765.596606911 -15528.1
772.680585096 -15578.4
779.830110523 -15628.3
787.045789695 -15677.7
794.328234724 -15726.7
801.678063388 -15775.2
809.095899178 -15823.3
816.582371359 -15870.9
824.138115013 -15918.1
831.763771103 -15964.9
839.459986519 -16011.2
847.227414141 -16057.1
855.066712885 -16102.6
862.978547767 -16147.7
870.963589956 -16192.3
879.022516831 -16236.6
887.156012038 -16280.4
895.36476555 -16323.9
903.649473722 -16366.9
912.010839356 -16409.6
920.449571753 -16451.8
928.96638678 -16493.7
937.562006926 -16535.2
946.237161366 -16576.3
954.992586021 -16617
963.829023624 -16657.4
972.747223777 -16697.4
981.74794302 -16737
990.831944893 -16776.2
1000.0 -16815.1
