0.1 0
0.100925288608 0
0.101859138805 0
0.102801629813 0
0.103752841582 0
0.104712854805 0
0.105681750921 0
0.106659612123 0
0.107646521363 0
0.108642562362 0
0.109647819614 0
0.110662378398 0
0.111686324778 0
0.112719745618 0
0.113762728582 0
0.11481536215 4.65797e-05
0.115877735616 0.000105982
0.116949939102 0.000304322
0.118032063565 0.000524975
0.119124200803 0.000941296
0.120226443462 0.00140884
0.121338885046 0.00207986
0.122461619927 0.00274766
0.123594743344 0.00341347
0.124738351424 0.00422991
0.125892541179 0.00512338
0.127057410521 0.0062489
0.128233058266 0.00738078
0.129419584145 0.00847623
0.130617088813 0.0095526
0.131825673856 0.0106107
0.133045441798 0.0118141
0.134276496114 0.0130487
0.135518941235 0.0143306
0.13677288256 0.015591
0.13803842646 0.0168486
0.139315680295 0.0185064
0.140604752413 0.0200984
0.141905752169 0.0216197
0.143218789927 0.0228523
0.144543977075 0.0241259
0.145881426028 0.0254897
0.147231250243 0.0267772
0.148593564229 0.028112
0.14996848355 0.0295174
0.151356124844 0.0312346
0.152756605824 0.0328311
0.154170045295 0.0343744
0.155596563161 0.0362878
0.157036280433 0.0378576
0.158489319246 0.039192
0.159955802861 0.0403276
0.161435855683 0.0416736
0.162929603264 0.0429201
0.164437172321 0.0442277
0.165958690744 0.0458301
0.167494287603 0.0475845
0.169044093164 0.049002
0.1706082389 0.0501534
0.172186857499 0.0512268
0.173780082875 0.0529013
0.175388050184 0.0550782
0.177010895832 0.0571102
0.178648757485 0.0586061
0.180301774086 0.0594355
0.181970085861 0.0599994
0.183653834335 0.062334
0.185353162341 0.0643042
0.187068214037 0.0652408
0.18879913491 0.0661517
0.190546071796 0.0677585
0.192309172891 0.0694615
0.194088587759 0.0707229
0.195884467351 0.0718001
0.197696964011 0.0734657
0.199526231497 0.0750129
0.201372424986 0.0755727
0.203235701094 0.0760728
0.205116217883 0.0773605
0.207014134879 0.0792789
0.208929613085 0.0807228
0.210862814993 0.0810876
0.212813904598 0.0815175
0.214783047413 0.082948
0.216770410482 0.0844951
0.218776162395 0.0858004
0.220800473302 0.0871494
0.222843514927 0.0879466
0.224905460584 0.0883713
0.226986485188 0.0897797
0.229086765277 0.0915924
0.231206479018 0.092431
0.233345806228 0.0928013
0.23550492839 0.093547
0.237684028662 0.0947575
0.239883291902 0.0956609
0.242102904674 0.0957186
0.244343055269 0.0961677
0.246603933723 0.0974179
0.248885731828 0.0988498
0.251188643151 0.100269
0.25351286305 0.101587
0.255858588691 0.102456
0.258226019063 0.102837
0.260615355 0.10316
0.26302679919 0.103716
0.265460556198 0.104458
0.267916832482 0.104972
0.270395836411 0.105539
0.272897778281 0.106711
0.275422870334 0.107935
0.277971326776 0.108633
0.280543363795 0.108714
0.28313919958 0.109114
0.285759054337 0.110468
0.288403150313 0.111867
0.291071711807 0.112446
0.293764965196 0.112411
0.296483138952 0.11247
0.299226463661 0.113198
0.30199517204 0.114169
0.304789498963 0.114935
0.307609681474 0.115463
0.310455958813 0.115898
0.313328572432 0.11644
0.316227766017 0.117118
0.31915378551 0.117865
0.322106879128 0.118567
0.325087297385 0.119306
0.328095293113 0.119999
0.331131121483 0.120114
0.334195040026 0.120062
0.337287308659 0.120692
0.340408189701 0.121594
0.3435579479 0.12227
0.346736850453 0.122678
0.349945167028 0.123117
0.353183169792 0.123959
0.356451133426 0.124808
0.359749335156 0.125327
0.36307805477 0.125485
0.366437574648 0.125834
0.36982817978 0.126776
0.373250157796 0.127377
0.376703798984 0.127441
0.380189396321 0.127726
0.383707245492 0.128482
0.387257644922 0.129428
0.390840895792 0.130156
0.394457302075 0.130607
0.398107170553 0.131066
0.401790810849 0.131668
0.405508535448 0.132295
0.40926065973 0.1326
0.41304750199 0.132962
0.41686938347 0.134023
0.420726628384 0.135007
0.424619563946 0.135339
0.428548520397 0.135807
0.432513831035 0.136582
0.43651583224 0.137308
0.440554863507 0.138212
0.444631267469 0.139333
0.448745389933 0.140209
0.452897579904 0.141077
0.457088189615 0.142338
0.46131757456 0.143411
0.465586093523 0.144136
0.469894108605 0.145203
0.47424198526 0.146672
0.478630092323 0.148105
0.48305880204 0.149027
0.487528490103 0.149664
0.492039535681 0.150882
0.49659232145 0.15236
0.501187233627 0.153534
0.505824662003 0.154739
0.510504999975 0.155949
0.515228644582 0.156806
0.519995996534 0.157848
0.52480746025 0.159413
0.529663443892 0.160637
0.534564359397 0.161733
0.539510622515 0.163469
0.544502652842 0.164748
0.549540873858 0.16517
0.554625712958 0.166449
0.559757601495 0.168256
0.564936974812 0.169274
0.570164272281 0.170494
0.575439937337 0.172209
0.580764417521 0.173017
0.586138164514 0.173654
0.591561634175 0.17542
0.597035286584 0.176997
0.602559586074 0.177911
0.608135001279 0.179149
0.613762005165 0.180585
0.619441075077 0.181581
0.625172692776 0.182143
0.63095734448 0.182976
0.636795520908 0.184826
0.642687717317 0.186491
0.648634433548 0.187162
0.654636174067 0.188307
0.660693448008 0.189996
0.666806769214 0.19111
0.672976656284 0.192113
0.679203632617 0.19344
0.685488226453 0.194446
0.691830970919 0.195113
0.698232404077 0.195912
0.704693068967 0.197209
0.711213513653 0.198788
0.717794291271 0.199696
0.724435960075 0.200506
0.731139083483 0.202265
0.737904230129 0.204022
0.744731973906 0.205067
0.751622894018 0.205916
0.758577575029 0.206955
0.765596606911 0.208359
0.772680585096 0.210118
0.779830110523 0.211646
0.787045789695 0.212013
0.794328234724 0.212278
0.801678063388 0.213545
0.809095899178 0.215028
0.816582371359 0.216463
0.824138115013 0.218104
0.831763771103 0.219283
0.839459986519 0.219774
0.847227414141 0.220524
0.855066712885 0.221664
0.862978547767 0.222882
0.870963589956 0.224075
0.879022516831 0.22524
0.887156012038 0.226511
0.89536476555 0.227717
0.903649473722 0.228739
0.912010839356 0.229754
0.920449571753 0.23083
0.92896638678 0.232277
0.937562006926 0.233845
0.946237161366 0.234822
0.954992586021 0.235393
0.963829023624 0.236244
0.972747223777 0.237994
0.98174794302 0.239884
0.990831944893 0.241027
1.0 0.242046
1.00925288608 0.243283
1.01859138805 0.244531
1.02801629813 0.245711
1.03752841582 0.246871
1.04712854805 0.248132
1.05681750921 0.249409
1.06659612123 0.250629
1.07646521363 0.251796
1.08642562362 0.252845
1.09647819614 0.253929
1.10662378398 0.255206
1.11686324778 0.256585
1.12719745618 0.257777
1.13762728582 0.258662
1.1481536215 0.259437
1.15877735616 0.260487
1.16949939102 0.261996
1.18032063565 0.263474
1.19124200803 0.26462
1.20226443462 0.26545
1.21338885046 0.266422
1.22461619927 0.267851
1.23594743344 0.269141
1.24738351424 0.270152
1.25892541179 0.271132
1.27057410521 0.272158
1.28233058266 0.273271
1.29419584145 0.274534
1.30617088813 0.275743
1.31825673856 0.276545
1.33045441798 0.277343
1.34276496114 0.278475
1.35518941235 0.279555
1.3677288256 0.280546
1.3803842646 0.281631
1.39315680295 0.282446
1.40604752413 0.283042
1.41905752169 0.283964
1.43218789927 0.285154
1.44543977075 0.286299
1.45881426028 0.287093
1.47231250243 0.287638
1.48593564229 0.288658
1.4996848355 0.289918
1.51356124844 0.29082
1.52756605824 0.291515
1.54170045295 0.292096
1.55596563161 0.292712
1.57036280433 0.293488
1.58489319246 0.294292
1.59955802861 0.295069
1.61435855683 0.295794
1.62929603264 0.2964
1.64437172321 0.297061
1.65958690744 0.297905
1.67494287603 0.298633
1.69044093164 0.299245
1.706082389 0.299894
1.72186857499 0.300454
1.73780082875 0.300982
1.75388050184 0.301689
1.77010895832 0.302316
1.78648757485 0.302619
1.80301774086 0.303106
1.81970085861 0.303937
1.83653834335 0.304695
1.85353162341 0.305234
1.87068214037 0.305539
1.8879913491 0.305889
1.90546071796 0.306395
1.92309172891 0.306805
1.94088587759 0.307072
1.95884467351 0.307339
1.97696964011 0.307646
1.99526231497 0.307855
2.01372424986 0.307853
2.03235701094 0.307959
2.05116217883 0.30848
2.07014134879 0.309019
2.08929613085 0.30937
2.10862814993 0.309741
2.12813904598 0.310148
2.14783047413 0.31053
2.16770410482 0.310899
2.18776162395 0.311231
2.20800473302 0.311502
2.22843514927 0.311789
2.24905460584 0.312067
2.26986485188 0.312299
2.29086765277 0.312588
2.31206479018 0.312944
2.33345806228 0.313316
2.3550492839 0.313667
2.37684028662 0.313983
2.39883291902 0.314261
2.42102904674 0.314469
2.44343055269 0.31466
2.46603933723 0.31484
2.48885731828 0.314919
2.51188643151 0.314943
2.5351286305 0.31498
2.55858588691 0.315077
2.58226019063 0.315171
2.60615355 0.315235
2.6302679919 0.315323
2.65460556198 0.315473
2.67916832482 0.315659
2.70395836411 0.31583
2.72897778281 0.316
2.75422870334 0.316132
2.77971326776 0.316199
2.80543363795 0.316307
2.8313919958 0.316382
2.85759054337 0.31631
2.88403150313 0.316192
2.91071711807 0.316084
2.93764965196 0.316011
2.96483138952 0.315973
2.99226463661 0.315948
3.0199517204 0.315955
3.04789498963 0.316045
3.07609681474 0.316203
3.10455958813 0.316359
3.13328572432 0.316446
3.16227766017 0.316491
3.1915378551 0.316532
3.22106879128 0.316568
3.25087297385 0.31657
3.28095293113 0.316533
3.31131121483 0.31646
3.34195040026 0.316398
3.37287308659 0.316365
3.40408189701 0.316331
3.435579479 0.316306
3.46736850453 0.316325
3.49945167028 0.316414
3.53183169792 0.316492
3.56451133426 0.316556
3.59749335156 0.31665
3.6307805477 0.31673
3.66437574648 0.316794
3.6982817978 0.31685
3.73250157796 0.316867
3.76703798984 0.316832
3.80189396321 0.316751
3.83707245492 0.31665
3.87257644922 0.316459
3.90840895792 0.316167
3.94457302075 0.315889
3.98107170553 0.315586
4.01790810849 0.315214
4.05508535448 0.314813
4.0926065973 0.314444
4.1304750199 0.314143
4.1686938347 0.313912
4.20726628384 0.313779
4.24619563946 0.313741
4.28548520397 0.313748
4.32513831035 0.313832
4.3651583224 0.313971
4.40554863507 0.314104
4.44631267469 0.314251
4.48745389933 0.31436
4.52897579904 0.314337
4.57088189615 0.314219
4.6131757456 0.314069
4.65586093523 0.313925
4.69894108605 0.31379
4.7424198526 0.313683
4.78630092323 0.313638
4.8305880204 0.313676
4.87528490103 0.313776
4.92039535681 0.313917
4.9659232145 0.314114
5.01187233627 0.314328
5.05824662003 0.314502
5.10504999975 0.314609
5.15228644582 0.314608
5.19995996534 0.314481
5.2480746025 0.314257
5.29663443892 0.313942
5.34564359397 0.313568
5.39510622515 0.313194
5.44502652842 0.312848
5.49540873858 0.312561
5.54625712958 0.312354
5.59757601495 0.312211
5.64936974812 0.312128
5.70164272281 0.312106
5.75439937337 0.312104
5.80764417521 0.312064
5.86138164514 0.311953
5.91561634175 0.311807
5.97035286584 0.31159
6.02559586074 0.311263
6.08135001279 0.310911
6.13762005165 0.310577
6.19441075077 0.310284
6.25172692776 0.310076
6.3095734448 0.309981
6.36795520908 0.310012
6.42687717317 0.310165
6.48634433548 0.310374
6.54636174067 0.310599
6.60693448008 0.310853
6.66806769214 0.311073
6.72976656284 0.311198
6.79203632617 0.311214
6.85488226453 0.311106
6.91830970919 0.310905
6.98232404077 0.310664
7.04693068967 0.310401
7.11213513653 0.310143
7.17794291271 0.309941
7.24435960075 0.309807
7.31139083483 0.309736
7.37904230129 0.309716
7.44731973906 0.309745
7.51622894018 0.309778
7.58577575029 0.30973
7.65596606911 0.309601
7.72680585096 0.309441
7.79830110523 0.309232
7.87045789695 0.308939
7.94328234724 0.308592
8.01678063388 0.308243
8.09095899178 0.307933
8.16582371359 0.30769
8.24138115013 0.307548
8.31763771103 0.307547
8.39459986519 0.307726
8.47227414141 0.308041
8.55066712885 0.308389
8.62978547767 0.308765
8.70963589956 0.30915
8.79022516831 0.309468
8.87156012038 0.309675
8.9536476555 0.309736
9.03649473722 0.309656
9.12010839356 0.309469
9.20449571753 0.309214
9.2896638678 0.308918
9.37562006926 0.308569
9.46237161366 0.308194
9.54992586021 0.307845
9.63829023624 0.307516
9.72747223777 0.307212
9.8174794302 0.306955
9.90831944893 0.30674
10.0 0.3066
10.0925288608 0.306549
10.1859138805 0.306519
10.2801629813 0.306543
10.3752841582 0.306636
10.4712854805 0.306727
10.5681750921 0.306803
10.6659612123 0.30685
10.7646521363 0.306864
10.8642562362 0.306811
10.9647819614 0.306678
11.0662378398 0.306499
11.1686324778 0.306288
11.2719745618 0.306082
11.3762728582 0.305901
11.481536215 0.305777
11.5877735616 0.305749
11.6949939102 0.305848
11.8032063565 0.306054
11.9124200803 0.306348
12.0226443462 0.306704
12.1338885046 0.307076
12.2461619927 0.307418
12.3594743344 0.307701
12.4738351424 0.307878
12.5892541179 0.307919
12.7057410521 0.307858
12.8233058266 0.307732
12.9419584145 0.307564
13.0617088813 0.30738
13.1825673856 0.307191
13.3045441798 0.306991
13.4276496114 0.306801
13.5518941235 0.306661
13.677288256 0.306551
13.803842646 0.306446
13.9315680295 0.306343
14.0604752413 0.306257
14.1905752169 0.306181
14.3218789927 0.306095
14.4543977075 0.305999
14.5881426028 0.305901
14.7231250243 0.3058
14.8593564229 0.305714
14.996848355 0.305646
15.1356124844 0.305618
15.2756605824 0.305647
15.4170045295 0.30571
15.5596563161 0.305789
15.7036280433 0.305893
15.8489319246 0.306015
15.9955802861 0.30613
16.1435855683 0.306236
16.2929603264 0.30633
16.4437172321 0.306388
16.5958690744 0.306397
16.7494287603 0.306357
16.9044093164 0.30629
17.06082389 0.3062
17.2186857499 0.306085
17.3780082875 0.305949
17.5388050184 0.305797
17.7010895832 0.305646
17.8648757485 0.30548
18.0301774086 0.305342
18.1970085861 0.305251
18.3653834335 0.305195
18.5353162341 0.305204
18.7068214037 0.305301
18.879913491 0.305483
19.0546071796 0.305744
19.2309172891 0.30607
19.4088587759 0.306431
19.5884467351 0.30679
19.7696964011 0.307124
19.9526231497 0.307411
20.1372424986 0.307613
20.3235701094 0.30772
20.5116217883 0.30774
20.7014134879 0.307694
20.8929613085 0.3076
21.0862814993 0.307466
21.2813904598 0.307302
21.4783047413 0.307144
21.6770410482 0.307016
21.8776162395 0.306914
22.0800473302 0.306835
22.2843514927 0.306775
22.4905460584 0.306731
22.6986485188 0.306717
22.9086765277 0.306718
23.1206479018 0.306728
23.3345806228 0.306747
23.550492839 0.306785
23.7684028662 0.306816
23.9883291902 0.306817
24.2102904674 0.30682
24.4343055269 0.306818
24.6603933723 0.306791
24.8885731828 0.306743
25.1188643151 0.306695
25.351286305 0.306664
25.5858588691 0.306647
25.8226019063 0.306639
26.0615355 0.306656
26.302679919 0.306723
26.5460556198 0.306816
26.7916832482 0.306931
27.0395836411 0.307087
27.2897778281 0.307222
27.5422870334 0.307318
27.7971326776 0.307402
28.0543363795 0.307452
28.313919958 0.307473
28.5759054337 0.30749
28.8403150313 0.3075
29.1071711807 0.30751
29.3764965196 0.307535
29.6483138952 0.30758
29.9226463661 0.307642
30.199517204 0.307715
30.4789498963 0.307789
30.7609681474 0.30787
31.0455958813 0.30794
31.3328572432 0.307988
31.6227766017 0.308009
31.915378551 0.308013
32.2106879128 0.308015
32.5087297385 0.307995
32.8095293113 0.30796
33.1131121483 0.30793
33.4195040026 0.307898
33.7287308659 0.307857
34.0408189701 0.30782
34.35579479 0.307799
34.6736850453 0.307784
34.9945167028 0.307767
35.3183169792 0.307751
35.6451133426 0.307757
35.9749335156 0.307776
36.307805477 0.307809
36.6437574648 0.307891
36.982817978 0.30804
37.3250157796 0.308253
37.6703798984 0.308516
38.0189396321 0.308821
38.3707245492 0.309143
38.7257644922 0.309465
39.0840895792 0.309776
39.4457302075 0.310043
39.8107170553 0.310246
40.1790810849 0.310389
40.5508535448 0.310476
40.926065973 0.310518
41.304750199 0.310536
41.686938347 0.310528
42.0726628384 0.310501
42.4619563946 0.310485
42.8548520397 0.310482
43.2513831035 0.310484
43.651583224 0.310487
44.0554863507 0.310498
44.4631267469 0.310518
44.8745389933 0.310541
45.2897579904 0.310573
45.7088189615 0.310605
46.131757456 0.310628
46.5586093523 0.310654
46.9894108605 0.310683
47.424198526 0.310707
47.8630092323 0.310726
48.305880204 0.310755
48.7528490103 0.310802
49.2039535681 0.310868
49.659232145 0.310945
50.1187233627 0.311037
50.5824662003 0.311142
51.0504999975 0.311248
51.5228644582 0.311345
51.9995996534 0.311424
52.480746025 0.311481
52.9663443892 0.311518
53.4564359397 0.311541
53.9510622515 0.311565
54.4502652842 0.311588
54.9540873858 0.311614
55.4625712958 0.311661
55.9757601495 0.31173
56.4936974812 0.311822
57.0164272281 0.311941
57.5439937337 0.312068
58.0764417521 0.312196
58.6138164514 0.31233
59.1561634175 0.312453
59.7035286584 0.312552
60.2559586074 0.312631
60.8135001279 0.312689
61.3762005165 0.312736
61.9441075077 0.312779
62.5172692776 0.31281
63.095734448 0.312843
63.6795520908 0.312887
64.2687717317 0.312944
64.8634433548 0.313011
65.4636174067 0.313086
66.0693448008 0.313164
66.6806769214 0.313239
67.2976656284 0.313314
67.9203632617 0.313385
68.5488226453 0.313447
69.1830970919 0.313506
69.8232404077 0.313562
70.4693068967 0.313617
71.1213513653 0.313685
71.7794291271 0.313764
72.4435960075 0.313843
73.1139083483 0.313915
73.7904230129 0.313984
74.4731973906 0.314043
75.1622894018 0.314089
75.8577575029 0.314126
76.5596606911 0.314163
77.2680585096 0.3142
77.9830110523 0.314243
78.7045789695 0.314294
79.4328234724 0.314353
80.1678063388 0.314416
80.9095899178 0.314474
81.6582371359 0.314531
82.4138115013 0.314593
83.1763771103 0.314662
83.9459986519 0.31474
84.7227414141 0.314832
85.5066712885 0.314938
86.2978547767 0.315058
87.0963589956 0.31519
87.9022516831 0.315332
88.7156012038 0.315485
89.536476555 0.31565
90.3649473722 0.315821
91.2010839356 0.315999
92.0449571753 0.316182
92.896638678 0.316361
93.7562006926 0.316534
94.6237161366 0.316698
95.4992586021 0.316839
96.3829023624 0.316952
97.2747223777 0.31704
98.174794302 0.317103
99.0831944893 0.317144
100.0 0.317171
100.925288608 0.3172
101.859138805 0.317223
102.801629813 0.317243
103.752841582 0.317265
104.712854805 0.317308
105.681750921 0.317358
106.659612123 0.317414
107.646521363 0.317498
108.642562362 0.317567
109.647819614 0.317615
110.662378398 0.317697
111.686324778 0.317797
112.719745618 0.317891
113.762728582 0.317969
114.81536215 0.318036
115.877735616 0.318103
116.949939102 0.318185
118.032063565 0.318259
119.124200803 0.318312
120.226443462 0.318364
121.338885046 0.318405
122.461619927 0.318447
123.594743344 0.318512
124.738351424 0.318572
125.892541179 0.318629
127.057410521 0.318693
128.233058266 0.318769
129.419584145 0.318846
130.617088813 0.318917
131.825673856 0.318992
133.045441798 0.319079
134.276496114 0.319156
135.518941235 0.319205
136.77288256 0.319244
138.03842646 0.319285
139.315680295 0.319325
140.604752413 0.31935
141.905752169 0.319379
143.218789927 0.319411
144.543977075 0.319439
145.881426028 0.319457
147.231250243 0.319484
148.593564229 0.319536
149.96848355 0.31959
151.356124844 0.31964
152.756605824 0.319702
154.170045295 0.319785
155.596563161 0.319895
157.036280433 0.320022
158.489319246 0.320159
159.955802861 0.320304
161.435855683 0.320454
162.929603264 0.320602
164.437172321 0.320752
165.958690744 0.320895
167.494287603 0.321015
169.044093164 0.321122
170.6082389 0.321213
172.186857499 0.321272
173.780082875 0.321339
175.388050184 0.321401
177.010895832 0.321433
178.648757485 0.32146
180.301774086 0.321499
181.970085861 0.321535
183.653834335 0.321559
185.353162341 0.321669
187.068214037 0.321693
188.79913491 0.321493
190.546071796 0.322565
192.309172891 0.321559
194.088587759 0.318626
195.884467351 0.333919
197.696964011 0.0691484
199.526231497 0.258908
201.372424986 -216.592
203.235701094 -505.99
205.116217883 -792.718
207.014134879 -1076.82
208.929613085 -1358.31
210.862814993 -1637.22
212.813904598 -1913.6
214.783047413 -2187.42
216.770410482 -2458.73
218.776162395 -2727.56
220.800473302 -2993.93
222.843514927 -3257.85
224.905460584 -3519.35
226.986485188 -3778.45
229.086765277 -4035.18
231.206479018 -4289.57
233.345806228 -4541.61
235.50492839 -4791.34
237.684028662 -5038.78
239.883291902 -5283.96
242.102904674 -5526.88
244.343055269 -5767.58
246.603933723 -6006.07
248.885731828 -6242.37
251.188643151 -6476.53
253.51286305 -6708.52
255.858588691 -6938.38
258.226019063 -7166.13
260.615355 -7391.8
263.02679919 -7615.41
265.460556198 -7836.96
267.916832482 -8056.48
270.395836411 -8273.99
272.897778281 -8489.51
275.422870334 -8703.05
277.971326776 -8914.62
280.543363795 -9124.26
283.13919958 -9331.98
285.759054337 -9537.8
288.403150313 -9741.73
291.071711807 -9943.78
293.764965196 -10144
296.483138952 -10342.4
299.226463661 -10538.9
301.99517204 -10733.7
304.789498963 -10926.6
307.609681474 -11117.8
310.455958813 -11307.3
313.328572432 -11495
316.227766017 -11680.9
319.15378551 -11865.2
322.106879128 -12047.8
325.087297385 -12228.7
328.095293113 -12408
331.131121483 -12585.6
334.195040026 -12761.6
337.287308659 -12936
340.408189701 -13108.7
343.5579479 -13279.9
346.736850453 -13449.5
349.945167028 -13617.6
353.183169792 -13784.1
356.451133426 -13949.1
359.749335156 -14112.6
363.07805477 -14274.6
366.437574648 -14435.1
369.82817978 -14594.1
373.250157796 -14751.7
376.703798984 -14907.8
380.189396321 -15062.5
383.707245492 -15215.8
387.257644922 -15367.7
390.840895792 -15518.1
394.457302075 -15667.2
398.107170553 -15815
401.790810849 -15961.3
405.508535448 -16106.4
409.26065973 -16250.1
413.04750199 -16392.5
416.86938347 -16533.6
420.726628384 -16673.3
424.619563946 -16811.9
428.548520397 -16949.1
432.513831035 -17085.1
436.51583224 -17219.8
440.554863507 -17353.3
444.631267469 -17485.6
448.745389933 -17616.6
452.897579904 -17746.5
457.088189615 -17875.2
461.31757456 -18002.7
465.586093523 -18129
469.894108605 -18254.1
474.24198526 -18378.2
478.630092323 -18501
483.05880204 -18622.8
487.528490103 -18743.4
492.039535681 -18863
496.59232145 -18981.4
501.187233627 -19098.7
505.824662003 -19215
510.504999975 -19330.2
515.228644582 -19444.4
519.995996534 -19557.5
524.80746025 -19669.5
529.663443892 -19780.6
534.564359397 -19890.6
539.510622515 -19999.6
544.502652842 -20107.6
549.540873858 -20214.6
554.625712958 -20320.7
559.757601495 -20425.7
564.936974812 -20529.9
570.164272281 -20633
575.439937337 -20735.2
580.764417521 -20836.5
586.138164514 -20936.8
591.561634175 -21036.2
597.035286584 -21134.8
602.559586074 -21232.4
608.135001279 -21329.1
613.762005165 -21424.9
619.441075077 -21519.8
625.172692776 -21613.9
630.95734448 -21707.1
636.795520908 -21799.5
642.687717317 -21891
648.634433548 -21981.7
654.636174067 -22071.5
660.693448008 -22160.5
666.806769214 -22248.7
672.976656284 -22336.1
679.203632617 -22422.7
685.488226453 -22508.5
691.830970919 -22593.5
698.232404077 -22677.8
704.693068967 -22761.2
711.213513653 -22843.9
717.794291271 -22925.8
724.435960075 -23007
731.139083483 -23087.5
737.904230129 -23167.2
744.731973906 -23246.1
751.622894018 -23324.4
758.577575029 -23401.9
765.596606911 -23478.7
772.680585096 -23554.9
779.830110523 -23630.3
787.045789695 -23705
794.328234724 -23779
801.678063388 -23852.4
809.095899178 -23925.1
816.582371359 -23997.1
824.138115013 -24068.5
831.763771103 -24139.2
839.459986519 -24209.3
847.227414141 -24278.7
855.066712885 -24347.5
862.978547767 -24415.6
870.963589956 -24483.1
879.022516831 -24550
887.156012038 -24616.3
895.36476555 -24682
903.649473722 -24747.1
912.010839356 -24811.6
920.449571753 -24875.5
928.96638678 -24938.8
937.562006926 -25001.5
946.237161366 -25063.7
954.992586021 -25125.3
963.829023624 -25186.3
972.747223777 -25246.8
981.74794302 -25306.7
990.831944893 -25366
1000.0 -25424.8
