0.1 0
0.100925288608 0
0.101859138805 0
0.102801629813 0
0.103752841582 0
0.104712854805 0
0.105681750921 0
0.106659612123 0
0.107646521363 0
0.108642562362 0
0.109647819614 0
0.110662378398 0
0.111686324778 0
0.112719745618 3.57354e-05
0.113762728582 8.64283e-05
0.11481536215 0.000277928
0.115877735616 0.000507857
0.116949939102 0.00127805
0.118032063565 0.00211011
0.119124200803 0.00298728
0.120226443462 0.00407338
0.121338885046 0.00596855
0.122461619927 0.00801693
0.123594743344 0.0102869
0.124738351424 0.012435
0.125892541179 0.0145091
0.127057410521 0.017777
0.128233058266 0.0210048
0.129419584145 0.0236995
0.130617088813 0.0267138
0.131825673856 0.0300192
0.133045441798 0.0337336
0.134276496114 0.0374487
0.135518941235 0.0410074
0.13677288256 0.0445685
0.13803842646 0.0481555
0.139315680295 0.052753
0.140604752413 0.0572798
0.141905752169 0.0617334
0.143218789927 0.0656056
0.144543977075 0.0699783
0.145881426028 0.0751233
0.147231250243 0.0800829
0.148593564229 0.0852748
0.14996848355 0.0907891
0.151356124844 0.0972065
0.152756605824 0.103347
0.154170045295 0.109229
0.155596563161 0.115017
0.157036280433 0.120961
0.158489319246 0.126867
0.159955802861 0.132597
0.161435855683 0.138366
0.162929603264 0.144567
0.164437172321 0.150751
0.165958690744 0.156283
0.167494287603 0.15972
0.169044093164 0.16485
0.1706082389 0.172449
0.172186857499 0.181552
0.173780082875 0.183326
0.175388050184 0.188843
0.177010895832 0.197571
0.178648757485 0.206365
0.180301774086 0.213592
0.181970085861 0.223755
0.183653834335 0.2285
0.185353162341 0.230982
0.187068214037 0.238452
0.18879913491 0.247835
0.190546071796 0.254255
0.192309172891 0.258095
0.194088587759 0.264176
0.195884467351 0.276271
0.197696964011 0.286759
0.199526231497 0.291444
0.201372424986 0.295917
0.203235701094 0.301589
0.205116217883 0.307886
0.207014134879 0.316445
0.208929613085 0.327325
0.210862814993 0.33702
0.212813904598 0.343934
0.214783047413 0.349697
0.216770410482 0.355068
0.218776162395 0.36057
0.220800473302 0.367323
0.222843514927 0.374817
0.224905460584 0.38199
0.226986485188 0.389948
0.229086765277 0.397138
0.231206479018 0.399794
0.233345806228 0.404782
0.23550492839 0.418792
0.237684028662 0.430537
0.239883291902 0.434086
0.242102904674 0.438353
0.244343055269 0.444977
0.246603933723 0.451316
0.248885731828 0.458707
0.251188643151 0.468083
0.25351286305 0.477486
0.255858588691 0.479661
0.258226019063 0.474075
0.260615355 0.482362
0.26302679919 0.500665
0.265460556198 0.507476
0.267916832482 0.506931
0.270395836411 0.51266
0.272897778281 0.522202
0.275422870334 0.531176
0.277971326776 0.537116
0.280543363795 0.543713
0.28313919958 0.551432
0.285759054337 0.553429
0.288403150313 0.553116
0.291071711807 0.559742
0.293764965196 0.56861
0.296483138952 0.574604
0.299226463661 0.579514
0.30199517204 0.585129
0.304789498963 0.591712
0.307609681474 0.595914
0.310455958813 0.598816
0.313328572432 0.606536
0.316227766017 0.615503
0.31915378551 0.619614
0.322106879128 0.624018
0.325087297385 0.629089
0.328095293113 0.62943
0.331131121483 0.632701
0.334195040026 0.644535
0.337287308659 0.653213
0.340408189701 0.656055
0.3435579479 0.661276
0.346736850453 0.665544
0.349945167028 0.664922
0.353183169792 0.665297
0.356451133426 0.670547
0.359749335156 0.679935
0.36307805477 0.684537
0.366437574648 0.682249
0.36982817978 0.683215
0.373250157796 0.689274
0.376703798984 0.694202
0.380189396321 0.699095
0.383707245492 0.705254
0.387257644922 0.70968
0.390840895792 0.71134
0.394457302075 0.710994
0.398107170553 0.710886
0.401790810849 0.712425
0.405508535448 0.714822
0.40926065973 0.718382
0.41304750199 0.723157
0.41686938347 0.726965
0.420726628384 0.729439
0.424619563946 0.732778
0.428548520397 0.737083
0.432513831035 0.740956
0.43651583224 0.742858
0.440554863507 0.745001
0.444631267469 0.75166
0.448745389933 0.756956
0.452897579904 0.756371
0.457088189615 0.758081
0.46131757456 0.76484
0.465586093523 0.7722
0.469894108605 0.775994
0.47424198526 0.775335
0.478630092323 0.775516
0.48305880204 0.779312
0.487528490103 0.786611
0.492039535681 0.795688
0.49659232145 0.803223
0.501187233627 0.805381
0.505824662003 0.805862
0.510504999975 0.811091
0.515228644582 0.816308
0.519995996534 0.819252
0.52480746025 0.824669
0.529663443892 0.830467
0.534564359397 0.83285
0.539510622515 0.8361
0.544502652842 0.841387
0.549540873858 0.844406
0.554625712958 0.846784
0.559757601495 0.851554
0.564936974812 0.856547
0.570164272281 0.859863
0.575439937337 0.861339
0.580764417521 0.863368
0.586138164514 0.867619
0.591561634175 0.872147
0.597035286584 0.875412
0.602559586074 0.877338
0.608135001279 0.879785
0.613762005165 0.883855
0.619441075077 0.887242
0.625172692776 0.88964
0.63095734448 0.89234
0.636795520908 0.894757
0.642687717317 0.896712
0.648634433548 0.899746
0.654636174067 0.902802
0.660693448008 0.903863
0.666806769214 0.904918
0.672976656284 0.907229
0.679203632617 0.909343
0.685488226453 0.911144
0.691830970919 0.913346
0.698232404077 0.915549
0.704693068967 0.917272
0.711213513653 0.918493
0.717794291271 0.919279
0.724435960075 0.919985
0.731139083483 0.921712
0.737904230129 0.924358
0.744731973906 0.926351
0.751622894018 0.926711
0.758577575029 0.925789
0.765596606911 0.926519
0.772680585096 0.928838
0.779830110523 0.929918
0.787045789695 0.930401
0.794328234724 0.931266
0.801678063388 0.931208
0.809095899178 0.930626
0.816582371359 0.931121
0.824138115013 0.931726
0.831763771103 0.931619
0.839459986519 0.931884
0.847227414141 0.932564
0.855066712885 0.933015
0.862978547767 0.933067
0.870963589956 0.932674
0.879022516831 0.932296
0.887156012038 0.932434
0.89536476555 0.932892
0.903649473722 0.93265
0.912010839356 0.931663
0.920449571753 0.930837
0.92896638678 0.930648
0.937562006926 0.931158
0.946237161366 0.931253
0.954992586021 0.930476
0.963829023624 0.929503
0.972747223777 0.929036
0.98174794302 0.929259
0.990831944893 0.929227
1.0 0.928767
1.00925288608 0.928359
1.01859138805 0.92798
1.02801629813 0.927549
1.03752841582 0.927018
1.04712854805 0.926308
1.05681750921 0.925421
1.06659612123 0.924418
1.07646521363 0.923477
1.08642562362 0.923043
1.09647819614 0.92279
1.10662378398 0.922022
1.11686324778 0.921223
1.12719745618 0.920707
1.13762728582 0.919954
1.1481536215 0.91907
1.15877735616 0.918539
1.16949939102 0.917954
1.18032063565 0.917137
1.19124200803 0.916632
1.20226443462 0.916313
1.21338885046 0.915835
1.22461619927 0.915211
1.23594743344 0.914542
1.24738351424 0.913974
1.25892541179 0.913407
1.27057410521 0.912788
1.28233058266 0.912061
1.29419584145 0.91131
1.30617088813 0.910628
1.31825673856 0.909776
1.33045441798 0.908704
1.34276496114 0.907753
1.35518941235 0.906893
1.3677288256 0.905981
1.3803842646 0.905027
1.39315680295 0.903935
1.40604752413 0.902853
1.41905752169 0.901766
1.43218789927 0.900566
1.44543977075 0.899402
1.45881426028 0.898269
1.47231250243 0.896975
1.48593564229 0.895661
1.4996848355 0.89454
1.51356124844 0.893529
1.52756605824 0.892543
1.54170045295 0.891403
1.55596563161 0.890135
1.57036280433 0.888943
1.58489319246 0.887721
1.59955802861 0.886443
1.61435855683 0.885173
1.62929603264 0.883744
1.64437172321 0.882095
1.65958690744 0.880394
1.67494287603 0.87867
1.69044093164 0.877
1.706082389 0.875454
1.72186857499 0.873981
1.73780082875 0.872582
1.75388050184 0.871316
1.77010895832 0.870191
1.78648757485 0.869152
1.80301774086 0.868047
1.81970085861 0.866771
1.83653834335 0.865406
1.85353162341 0.863943
1.87068214037 0.86219
1.8879913491 0.860128
1.90546071796 0.857882
1.92309172891 0.855642
1.94088587759 0.853434
1.95884467351 0.851125
1.97696964011 0.849109
1.99526231497 0.848126
2.01372424986 0.847572
2.03235701094 0.846435
2.05116217883 0.845228
2.07014134879 0.844281
2.08929613085 0.8433
2.10862814993 0.842226
2.12813904598 0.841032
2.14783047413 0.839656
2.16770410482 0.838138
2.18776162395 0.836515
2.20800473302 0.834819
2.22843514927 0.833185
2.24905460584 0.83167
2.26986485188 0.830303
2.29086765277 0.829205
2.31206479018 0.828366
2.33345806228 0.827708
2.3550492839 0.827139
2.37684028662 0.826516
2.39883291902 0.825776
2.42102904674 0.824863
2.44343055269 0.823737
2.46603933723 0.822364
2.48885731828 0.820686
2.51188643151 0.81886
2.5351286305 0.817006
2.55858588691 0.815219
2.58226019063 0.813889
2.60615355 0.812929
2.6302679919 0.811841
2.65460556198 0.810981
2.67916832482 0.810242
2.70395836411 0.809545
2.72897778281 0.808856
2.75422870334 0.808068
2.77971326776 0.807084
2.80543363795 0.805969
2.8313919958 0.804653
2.85759054337 0.803071
2.88403150313 0.801384
2.91071711807 0.799697
2.93764965196 0.798121
2.96483138952 0.796726
2.99226463661 0.795528
3.0199517204 0.794628
3.04789498963 0.794631
3.07609681474 0.794418
3.10455958813 0.794177
3.13328572432 0.793826
3.16227766017 0.793402
3.1915378551 0.792847
3.22106879128 0.792097
3.25087297385 0.791129
3.28095293113 0.789998
3.31131121483 0.788742
3.34195040026 0.787462
3.37287308659 0.786259
3.40408189701 0.785162
3.435579479 0.784224
3.46736850453 0.783495
3.49945167028 0.782991
3.53183169792 0.782598
3.56451133426 0.782275
3.59749335156 0.782026
3.6307805477 0.781752
3.66437574648 0.781405
3.6982817978 0.780971
3.73250157796 0.780391
3.76703798984 0.779642
3.80189396321 0.778737
3.83707245492 0.777675
3.87257644922 0.776384
3.90840895792 0.774866
3.94457302075 0.773228
3.98107170553 0.771468
4.01790810849 0.769611
4.05508535448 0.767755
4.0926065973 0.766043
4.1304750199 0.764575
4.1686938347 0.763408
4.20726628384 0.762633
4.24619563946 0.762257
4.28548520397 0.762167
4.32513831035 0.762314
4.3651583224 0.762577
4.40554863507 0.76279
4.44631267469 0.762909
4.48745389933 0.762789
4.52897579904 0.762263
4.57088189615 0.761417
4.6131757456 0.76037
4.65586093523 0.759231
4.69894108605 0.758088
4.7424198526 0.757025
4.78630092323 0.756139
4.8305880204 0.755521
4.87528490103 0.755155
4.92039535681 0.754974
4.9659232145 0.754938
5.01187233627 0.754956
5.05824662003 0.754928
5.10504999975 0.754776
5.15228644582 0.754403
5.19995996534 0.753783
5.2480746025 0.752966
5.29663443892 0.751996
5.34564359397 0.750929
5.39510622515 0.749852
5.44502652842 0.74882
5.49540873858 0.747904
5.54625712958 0.747142
5.59757601495 0.746502
5.64936974812 0.745956
5.70164272281 0.745489
5.75439937337 0.745043
5.80764417521 0.744542
5.86138164514 0.743934
5.91561634175 0.743257
5.97035286584 0.742481
6.02559586074 0.74159
6.08135001279 0.740692
6.13762005165 0.739851
6.19441075077 0.739104
6.25172692776 0.738514
6.3095734448 0.73813
6.36795520908 0.737958
6.42687717317 0.737963
6.48634433548 0.738043
6.54636174067 0.738123
6.60693448008 0.738184
6.66806769214 0.738139
6.72976656284 0.737892
6.79203632617 0.737416
6.85488226453 0.736716
6.91830970919 0.735875
6.98232404077 0.734992
7.04693068967 0.734123
7.11213513653 0.733333
7.17794291271 0.732729
7.24435960075 0.732355
7.31139083483 0.732203
7.37904230129 0.732226
7.44731973906 0.732366
7.51622894018 0.732507
7.58577575029 0.732562
7.65596606911 0.732515
7.72680585096 0.732284
7.79830110523 0.731783
7.87045789695 0.731069
7.94328234724 0.730232
8.01678063388 0.729353
8.09095899178 0.728516
8.16582371359 0.727798
8.24138115013 0.727282
8.31763771103 0.727048
8.39459986519 0.727126
8.47227414141 0.727438
8.55066712885 0.72784
8.62978547767 0.728296
8.70963589956 0.728754
8.79022516831 0.729067
8.87156012038 0.729123
8.9536476555 0.728945
9.03649473722 0.728576
9.12010839356 0.728027
9.20449571753 0.727357
9.2896638678 0.726629
9.37562006926 0.725853
9.46237161366 0.725086
9.54992586021 0.724406
9.63829023624 0.723802
9.72747223777 0.723276
9.8174794302 0.722841
9.90831944893 0.722476
10.0 0.722231
10.0925288608 0.722108
10.1859138805 0.721965
10.2801629813 0.721889
10.3752841582 0.721892
10.4712854805 0.721809
10.5681750921 0.721692
10.6659612123 0.721532
10.7646521363 0.721272
10.8642562362 0.720863
10.9647819614 0.720333
11.0662378398 0.719755
11.1686324778 0.71911
11.2719745618 0.718488
11.3762728582 0.717968
11.481536215 0.717608
11.5877735616 0.717489
11.6949939102 0.71766
11.8032063565 0.718089
11.9124200803 0.718707
12.0226443462 0.719438
12.1338885046 0.720194
12.2461619927 0.720888
12.3594743344 0.721393
12.4738351424 0.721603
12.5892541179 0.721533
12.7057410521 0.721238
12.8233058266 0.720767
12.9419584145 0.720172
13.0617088813 0.719507
13.1825673856 0.718806
13.3045441798 0.718064
13.4276496114 0.717316
13.5518941235 0.716635
13.677288256 0.716024
13.803842646 0.715483
13.9315680295 0.715028
14.0604752413 0.714706
14.1905752169 0.71452
14.3218789927 0.714474
14.4543977075 0.714568
14.5881426028 0.714802
14.7231250243 0.715113
14.8593564229 0.715454
14.996848355 0.715772
15.1356124844 0.716072
15.2756605824 0.716328
15.4170045295 0.716443
15.5596563161 0.716393
15.7036280433 0.716251
15.8489319246 0.716059
15.9955802861 0.715801
16.1435855683 0.715494
16.2929603264 0.715179
16.4437172321 0.714851
16.5958690744 0.714516
16.7494287603 0.714164
16.9044093164 0.713821
17.06082389 0.713499
17.2186857499 0.713183
17.3780082875 0.712881
17.5388050184 0.712602
17.7010895832 0.712345
17.8648757485 0.712069
18.0301774086 0.711864
18.1970085861 0.711729
18.3653834335 0.711608
18.5353162341 0.711565
18.7068214037 0.711626
18.879913491 0.711782
19.0546071796 0.712038
19.2309172891 0.712348
19.4088587759 0.712676
19.5884467351 0.712986
19.7696964011 0.713268
19.9526231497 0.713502
20.1372424986 0.713636
20.3235701094 0.713646
20.5116217883 0.713531
20.7014134879 0.713315
20.8929613085 0.712998
21.0862814993 0.712606
21.2813904598 0.712146
21.4783047413 0.711637
21.6770410482 0.711134
21.8776162395 0.710652
22.0800473302 0.710194
22.2843514927 0.709798
22.4905460584 0.709513
22.6986485188 0.709392
22.9086765277 0.709438
23.1206479018 0.709638
23.3345806228 0.709992
23.550492839 0.710475
23.7684028662 0.710962
23.9883291902 0.711349
24.2102904674 0.711675
24.4343055269 0.711858
24.6603933723 0.711796
24.8885731828 0.711522
25.1188643151 0.711098
25.351286305 0.7106
25.5858588691 0.710055
25.8226019063 0.709505
26.0615355 0.709034
26.302679919 0.708732
26.5460556198 0.708574
26.7916832482 0.708562
27.0395836411 0.708687
27.2897778281 0.70883
27.5422870334 0.708962
27.7971326776 0.709098
28.0543363795 0.709154
28.313919958 0.709134
28.5759054337 0.709096
28.8403150313 0.709007
29.1071711807 0.708891
29.3764965196 0.708784
29.6483138952 0.708725
29.9226463661 0.708698
30.199517204 0.708695
30.4789498963 0.708715
30.7609681474 0.708775
31.0455958813 0.708817
31.3328572432 0.708808
31.6227766017 0.708731
31.915378551 0.708608
32.2106879128 0.708436
32.5087297385 0.708182
32.8095293113 0.707864
33.1131121483 0.707516
33.4195040026 0.707143
33.7287308659 0.706749
34.0408189701 0.706362
34.35579479 0.706008
34.6736850453 0.705686
34.9945167028 0.705394
35.3183169792 0.705103
35.6451133426 0.704842
35.9749335156 0.704593
36.307805477 0.704334
36.6437574648 0.70411
36.982817978 0.703975
37.3250157796 0.703911
37.6703798984 0.703909
38.0189396321 0.704003
38.3707245492 0.70419
38.7257644922 0.704459
39.0840895792 0.704817
39.4457302075 0.705255
39.8107170553 0.705768
40.1790810849 0.706327
40.5508535448 0.706899
40.926065973 0.707445
41.304750199 0.707943
41.686938347 0.708328
42.0726628384 0.708546
42.4619563946 0.708594
42.8548520397 0.708445
43.2513831035 0.708128
43.651583224 0.707704
44.0554863507 0.707214
44.4631267469 0.706723
44.8745389933 0.706275
45.2897579904 0.70593
45.7088189615 0.705708
46.131757456 0.705606
46.5586093523 0.705583
46.9894108605 0.705627
47.424198526 0.705711
47.8630092323 0.705796
48.305880204 0.705869
48.7528490103 0.705926
49.2039535681 0.705964
49.659232145 0.705968
50.1187233627 0.705949
50.5824662003 0.705919
51.0504999975 0.705857
51.5228644582 0.70575
51.9995996534 0.705597
52.480746025 0.705399
52.9663443892 0.705168
53.4564359397 0.704923
53.9510622515 0.704698
54.4502652842 0.704496
54.9540873858 0.704332
55.4625712958 0.70424
55.9757601495 0.704205
56.4936974812 0.704247
57.0164272281 0.704321
57.5439937337 0.704399
58.0764417521 0.704461
58.6138164514 0.704503
59.1561634175 0.704489
59.7035286584 0.70439
60.2559586074 0.704202
60.8135001279 0.703944
61.3762005165 0.703647
61.9441075077 0.703328
62.5172692776 0.702986
63.095734448 0.702658
63.6795520908 0.702368
64.2687717317 0.702118
64.8634433548 0.701908
65.4636174067 0.701755
66.0693448008 0.701662
66.6806769214 0.701619
67.2976656284 0.701638
67.9203632617 0.701731
68.5488226453 0.701896
69.1830970919 0.702114
69.8232404077 0.702349
70.4693068967 0.702581
71.1213513653 0.702792
71.7794291271 0.702957
72.4435960075 0.703019
73.1139083483 0.702958
73.7904230129 0.702727
74.4731973906 0.702386
75.1622894018 0.701956
75.8577575029 0.701492
76.5596606911 0.701048
77.2680585096 0.700664
77.9830110523 0.700393
78.7045789695 0.700263
79.4328234724 0.700277
80.1678063388 0.700371
80.9095899178 0.700519
81.6582371359 0.700702
82.4138115013 0.700897
83.1763771103 0.701076
83.9459986519 0.701226
84.7227414141 0.701354
85.5066712885 0.701468
86.2978547767 0.701574
87.0963589956 0.701679
87.9022516831 0.701765
88.7156012038 0.70185
89.536476555 0.701942
90.3649473722 0.702038
91.2010839356 0.702139
92.0449571753 0.702244
92.896638678 0.70234
93.7562006926 0.702426
94.6237161366 0.702495
95.4992586021 0.702517
96.3829023624 0.702487
97.2747223777 0.702407
98.174794302 0.702278
99.0831944893 0.702092
100.0 0.701869
100.925288608 0.701653
101.859138805 0.701424
102.801629813 0.701176
103.752841582 0.700918
104.712854805 0.700731
105.681750921 0.700564
106.659612123 0.700392
107.646521363 0.700334
108.642562362 0.700291
109.647819614 0.700244
110.662378398 0.700319
111.686324778 0.700468
112.719745618 0.700599
113.762728582 0.700658
114.81536215 0.700678
115.877735616 0.700667
116.949939102 0.700584
118.032063565 0.700358
119.124200803 0.700014
120.226443462 0.699661
121.338885046 0.699269
122.461619927 0.698891
123.594743344 0.698623
124.738351424 0.698462
125.892541179 0.698452
127.057410521 0.698599
128.233058266 0.69884
129.419584145 0.699143
130.617088813 0.699469
131.825673856 0.69978
133.045441798 0.700049
134.276496114 0.700191
135.518941235 0.700136
136.77288256 0.699917
138.03842646 0.699609
139.315680295 0.699249
140.604752413 0.69879
141.905752169 0.698292
143.218789927 0.697818
144.543977075 0.697312
145.881426028 0.696805
147.231250243 0.696359
148.593564229 0.695997
149.96848355 0.695686
151.356124844 0.695432
152.756605824 0.695273
154.170045295 0.695223
155.596563161 0.695312
157.036280433 0.695526
158.489319246 0.695816
159.955802861 0.696161
161.435855683 0.696543
162.929603264 0.696931
164.437172321 0.697297
165.958690744 0.69762
167.494287603 0.697895
169.044093164 0.698074
170.6082389 0.698141
172.186857499 0.698101
173.780082875 0.698019
175.388050184 0.69785
177.010895832 0.697541
178.648757485 0.697159
180.301774086 0.696768
181.970085861 0.696365
183.653834335 0.695945
185.353162341 0.695774
187.068214037 0.695507
188.79913491 0.694868
190.546071796 0.69714
192.309172891 0.694953
194.088587759 0.688636
195.884467351 0.722243
197.696964011 0.143868
199.526231497 0.56012
201.372424986 -468.301
203.235701094 -1094.02
205.116217883 -1713.96
207.014134879 -2328.22
208.929613085 -2936.85
210.862814993 -3539.9
212.813904598 -4137.45
214.783047413 -4729.5
216.770410482 -5316.11
218.776162395 -5897.35
220.800473302 -6473.29
222.843514927 -7043.91
224.905460584 -7609.31
226.986485188 -8169.52
229.086765277 -8724.6
231.206479018 -9274.62
233.345806228 -9819.56
235.50492839 -10359.5
237.684028662 -10894.5
239.883291902 -11424.6
242.102904674 -11949.9
244.343055269 -12470.3
246.603933723 -12985.9
248.885731828 -13496.9
251.188643151 -14003.1
253.51286305 -14504.7
255.858588691 -15001.7
258.226019063 -15494.1
260.615355 -15982.1
263.02679919 -16465.5
265.460556198 -16944.6
267.916832482 -17419.2
270.395836411 -17889.5
272.897778281 -18355.5
275.422870334 -18817.2
277.971326776 -19274.6
280.543363795 -19727.9
283.13919958 -20177
285.759054337 -20622
288.403150313 -21062.9
291.071711807 -21499.8
293.764965196 -21932.7
296.483138952 -22361.5
299.226463661 -22786.5
301.99517204 -23207.6
304.789498963 -23624.8
307.609681474 -24038.2
310.455958813 -24447.8
313.328572432 -24853.7
316.227766017 -25255.8
319.15378551 -25654.2
322.106879128 -26049
325.087297385 -26440.2
328.095293113 -26827.7
331.131121483 -27211.7
334.195040026 -27592.2
337.287308659 -27969.3
340.408189701 -28342.8
343.5579479 -28713
346.736850453 -29079.7
349.945167028 -29443.1
353.183169792 -29803.1
356.451133426 -30159.9
359.749335156 -30513.3
363.07805477 -30863.6
366.437574648 -31210.6
369.82817978 -31554.4
373.250157796 -31895.1
376.703798984 -32232.7
380.189396321 -32567.2
383.707245492 -32898.6
387.257644922 -33226.9
390.840895792 -33552.3
394.457302075 -33874.7
398.107170553 -34194.1
401.790810849 -34510.6
405.508535448 -34824.2
409.26065973 -35134.9
413.04750199 -35442.7
416.86938347 -35747.8
420.726628384 -36050
424.619563946 -36349.5
428.548520397 -36646.2
432.513831035 -36940.2
436.51583224 -37231.5
440.554863507 -37520.2
444.631267469 -37806.2
448.745389933 -38089.5
452.897579904 -38370.3
457.088189615 -38648.5
461.31757456 -38924.2
465.586093523 -39197.3
469.894108605 -39467.9
474.24198526 -39736.1
478.630092323 -40001.7
483.05880204 -40265
487.528490103 -40525.8
492.039535681 -40784.2
496.59232145 -41040.3
501.187233627 -41294
505.824662003 -41545.4
510.504999975 -41794.5
515.228644582 -42041.3
519.995996534 -42285.9
524.80746025 -42528.2
529.663443892 -42768.2
534.564359397 -43006.1
539.510622515 -43241.8
544.502652842 -43475.4
549.540873858 -43706.8
554.625712958 -43936
559.757601495 -44163.2
564.936974812 -44388.3
570.164272281 -44611.3
575.439937337 -44832.3
580.764417521 -45051.3
586.138164514 -45268.2
591.561634175 -45483.2
597.035286584 -45696.2
602.559586074 -45907.2
608.135001279 -46116.3
613.762005165 -46323.5
619.441075077 -46528.8
625.172692776 -46732.2
630.95734448 -46933.7
636.795520908 -47133.4
642.687717317 -47331.3
648.634433548 -47527.3
654.636174067 -47721.6
660.693448008 -47914
666.806769214 -48104.7
672.976656284 -48293.7
679.203632617 -48480.9
685.488226453 -48666.4
691.830970919 -48850.2
698.232404077 -49032.3
704.693068967 -49212.8
711.213513653 -49391.6
717.794291271 -49568.7
724.435960075 -49744.3
731.139083483 -49918.2
737.904230129 -50090.5
744.731973906 -50261.3
751.622894018 -50430.5
758.577575029 -50598.1
765.596606911 -50764.2
772.680585096 -50928.8
779.830110523 -51091.8
787.045789695 -51253.4
794.328234724 -51413.5
801.678063388 -51572.1
809.095899178 -51729.3
816.582371359 -51885
824.138115013 -52039.3
831.763771103 -52192.2
839.459986519 -52343.7
847.227414141 -52493.7
855.066712885 -52642.5
862.978547767 -52789.8
870.963589956 -52935.8
879.022516831 -53080.5
887.156012038 -53223.8
895.36476555 -53365.8
903.649473722 -53506.6
912.010839356 -53646
920.449571753 -53784.1
928.96638678 -53921
937.562006926 -54056.7
946.237161366 -54191.1
954.992586021 -54324.2
963.829023624 -54456.1
972.747223777 -54586.9
981.74794302 -54716.4
990.831944893 -54844.7
1000.0 -54971.9
